Epoch 1/100 | Train Loss 0.0745 AP 0.5156 | Val Loss 0.0489 AP 0.5335 | P@2 0.9000 P@3 0.8222 P@5 0.7750 P@7 0.7662 P@10 0.5143 P@12 0.6042 P@15 0.4762 P@17 0.4588 P@20 0.2833
Epoch 2/100 | Train Loss 0.0508 AP 0.5985 | Val Loss 0.0411 AP 0.6411 | P@2 0.9000 P@3 0.8000 P@5 0.8625 P@7 0.8442 P@10 0.6905 P@12 0.6319 P@15 0.5905 P@17 0.4882 P@20 0.5111
Epoch 3/100 | Train Loss 0.0445 AP 0.6277 | Val Loss 0.0417 AP 0.6305 | P@2 1.0000 P@3 0.9111 P@5 0.7375 P@7 0.9481 P@10 0.5952 P@12 0.6806 P@15 0.6000 P@17 0.4588 P@20 0.5167
Epoch 4/100 | Train Loss 0.0409 AP 0.6339 | Val Loss 0.0348 AP 0.6557 | P@2 1.0000 P@3 0.8444 P@5 0.8875 P@7 0.8442 P@10 0.7048 P@12 0.6736 P@15 0.5524 P@17 0.5588 P@20 0.4667
Epoch 5/100 | Train Loss 0.0383 AP 0.6756 | Val Loss 0.0360 AP 0.7410 | P@2 1.0000 P@3 0.8667 P@5 0.8250 P@7 0.8442 P@10 0.7619 P@12 0.6944 P@15 0.7048 P@17 0.6529 P@20 0.7167
Epoch 6/100 | Train Loss 0.0360 AP 0.7191 | Val Loss 0.0314 AP 0.7692 | P@2 1.0000 P@3 1.0000 P@5 0.9250 P@7 0.8701 P@10 0.7476 P@12 0.7847 P@15 0.6667 P@17 0.7000 P@20 0.7111
Epoch 7/100 | Train Loss 0.0333 AP 0.7499 | Val Loss 0.0260 AP 0.7633 | P@2 1.0000 P@3 0.9556 P@5 0.9250 P@7 0.8312 P@10 0.7810 P@12 0.8125 P@15 0.6286 P@17 0.6706 P@20 0.6944
Epoch 8/100 | Train Loss 0.0316 AP 0.7290 | Val Loss 0.0255 AP 0.7662 | P@2 1.0000 P@3 1.0000 P@5 0.9000 P@7 0.8442 P@10 0.7905 P@12 0.7986 P@15 0.6571 P@17 0.6647 P@20 0.6944
Epoch 9/100 | Train Loss 0.0305 AP 0.7451 | Val Loss 0.0259 AP 0.7992 | P@2 1.0000 P@3 0.9111 P@5 0.9750 P@7 0.8961 P@10 0.8238 P@12 0.8542 P@15 0.6381 P@17 0.7294 P@20 0.7167
Epoch 10/100 | Train Loss 0.0290 AP 0.7546 | Val Loss 0.0284 AP 0.7779 | P@2 1.0000 P@3 0.8889 P@5 0.9250 P@7 0.8961 P@10 0.7619 P@12 0.8611 P@15 0.7143 P@17 0.6647 P@20 0.7056
Epoch 11/100 | Train Loss 0.0288 AP 0.7350 | Val Loss 0.0278 AP 0.7556 | P@2 1.0000 P@3 0.9556 P@5 0.9500 P@7 0.7922 P@10 0.8048 P@12 0.7500 P@15 0.6857 P@17 0.6706 P@20 0.6444
Epoch 12/100 | Train Loss 0.0282 AP 0.7610 | Val Loss 0.0250 AP 0.7973 | P@2 1.0000 P@3 0.9556 P@5 0.8500 P@7 0.9481 P@10 0.8762 P@12 0.8056 P@15 0.6000 P@17 0.7176 P@20 0.7389
Epoch 13/100 | Train Loss 0.0273 AP 0.7513 | Val Loss 0.0259 AP 0.7595 | P@2 1.0000 P@3 1.0000 P@5 0.9250 P@7 0.8182 P@10 0.7762 P@12 0.8403 P@15 0.6095 P@17 0.6706 P@20 0.6611
Epoch 14/100 | Train Loss 0.0270 AP 0.7567 | Val Loss 0.0235 AP 0.7915 | P@2 1.0000 P@3 0.9556 P@5 0.8750 P@7 0.9481 P@10 0.7905 P@12 0.8264 P@15 0.6952 P@17 0.6647 P@20 0.7722
Epoch 15/100 | Train Loss 0.0270 AP 0.7771 | Val Loss 0.0285 AP 0.8118 | P@2 1.0000 P@3 0.9556 P@5 0.9250 P@7 0.9351 P@10 0.7857 P@12 0.8056 P@15 0.7619 P@17 0.7000 P@20 0.8222
Epoch 16/100 | Train Loss 0.0263 AP 0.7863 | Val Loss 0.0236 AP 0.8400 | P@2 1.0000 P@3 0.9556 P@5 0.9000 P@7 0.9221 P@10 0.8619 P@12 0.8819 P@15 0.6857 P@17 0.7647 P@20 0.8333
Epoch 17/100 | Train Loss 0.0258 AP 0.7801 | Val Loss 0.0296 AP 0.8186 | P@2 1.0000 P@3 0.9556 P@5 0.9000 P@7 0.8571 P@10 0.8333 P@12 0.8403 P@15 0.6762 P@17 0.7647 P@20 0.8111
Epoch 18/100 | Train Loss 0.0255 AP 0.7757 | Val Loss 0.0226 AP 0.7740 | P@2 1.0000 P@3 0.9111 P@5 0.9250 P@7 0.8961 P@10 0.7952 P@12 0.8056 P@15 0.6571 P@17 0.7118 P@20 0.6722
Epoch 19/100 | Train Loss 0.0255 AP 0.7865 | Val Loss 0.0241 AP 0.8225 | P@2 0.9000 P@3 0.8667 P@5 0.8750 P@7 0.8442 P@10 0.8857 P@12 0.8681 P@15 0.6952 P@17 0.7765 P@20 0.7778
Epoch 20/100 | Train Loss 0.0251 AP 0.7873 | Val Loss 0.0232 AP 0.8293 | P@2 0.9000 P@3 0.9556 P@5 0.9500 P@7 0.8961 P@10 0.8810 P@12 0.8889 P@15 0.6952 P@17 0.7353 P@20 0.7667
Epoch 21/100 | Train Loss 0.0246 AP 0.7948 | Val Loss 0.0231 AP 0.8177 | P@2 1.0000 P@3 0.9111 P@5 0.9500 P@7 0.8701 P@10 0.8238 P@12 0.8750 P@15 0.7333 P@17 0.7765 P@20 0.7278
Epoch 22/100 | Train Loss 0.0245 AP 0.7796 | Val Loss 0.0231 AP 0.8021 | P@2 0.9000 P@3 0.9111 P@5 0.9250 P@7 0.8701 P@10 0.8524 P@12 0.8264 P@15 0.7238 P@17 0.7118 P@20 0.7333
Epoch 23/100 | Train Loss 0.0244 AP 0.8028 | Val Loss 0.0225 AP 0.8041 | P@2 1.0000 P@3 0.9111 P@5 0.9250 P@7 0.9740 P@10 0.8048 P@12 0.8889 P@15 0.6952 P@17 0.6882 P@20 0.7333
Epoch 24/100 | Train Loss 0.0239 AP 0.7737 | Val Loss 0.0231 AP 0.8002 | P@2 0.9000 P@3 0.9111 P@5 0.9125 P@7 0.8052 P@10 0.8286 P@12 0.9306 P@15 0.6857 P@17 0.7647 P@20 0.6722
Epoch 25/100 | Train Loss 0.0241 AP 0.7976 | Val Loss 0.0217 AP 0.8312 | P@2 1.0000 P@3 0.9556 P@5 0.9500 P@7 0.9221 P@10 0.8857 P@12 0.8750 P@15 0.7810 P@17 0.6941 P@20 0.7500
Epoch 26/100 | Train Loss 0.0241 AP 0.7921 | Val Loss 0.0237 AP 0.8235 | P@2 0.9000 P@3 0.9111 P@5 0.9750 P@7 0.9221 P@10 0.8524 P@12 0.8333 P@15 0.7810 P@17 0.6941 P@20 0.7889
Epoch 27/100 | Train Loss 0.0235 AP 0.7788 | Val Loss 0.0243 AP 0.8031 | P@2 0.9000 P@3 0.9556 P@5 0.9750 P@7 0.9481 P@10 0.7905 P@12 0.8542 P@15 0.6762 P@17 0.7353 P@20 0.7278
Epoch 28/100 | Train Loss 0.0237 AP 0.7917 | Val Loss 0.0227 AP 0.8177 | P@2 0.9000 P@3 1.0000 P@5 0.9500 P@7 0.9481 P@10 0.8571 P@12 0.8472 P@15 0.7619 P@17 0.6824 P@20 0.7389
Epoch 29/100 | Train Loss 0.0236 AP 0.7907 | Val Loss 0.0225 AP 0.8128 | P@2 1.0000 P@3 1.0000 P@5 0.9000 P@7 0.8831 P@10 0.7952 P@12 0.8889 P@15 0.7714 P@17 0.6882 P@20 0.7778
Epoch 30/100 | Train Loss 0.0226 AP 0.7949 | Val Loss 0.0267 AP 0.8109 | P@2 0.9000 P@3 1.0000 P@5 0.9500 P@7 0.9091 P@10 0.8000 P@12 0.8333 P@15 0.7619 P@17 0.7059 P@20 0.7722
Epoch 31/100 | Train Loss 0.0229 AP 0.8055 | Val Loss 0.0222 AP 0.8390 | P@2 0.9000 P@3 0.9556 P@5 0.9500 P@7 1.0000 P@10 0.8714 P@12 0.8750 P@15 0.8095 P@17 0.7588 P@20 0.7111
Epoch 32/100 | Train Loss 0.0228 AP 0.8182 | Val Loss 0.0219 AP 0.8409 | P@2 0.9000 P@3 0.9111 P@5 0.9750 P@7 0.9351 P@10 0.8571 P@12 0.8472 P@15 0.7810 P@17 0.7706 P@20 0.7944
Epoch 33/100 | Train Loss 0.0223 AP 0.7972 | Val Loss 0.0235 AP 0.7895 | P@2 0.9000 P@3 0.9111 P@5 0.8625 P@7 0.9221 P@10 0.8333 P@12 0.7708 P@15 0.7333 P@17 0.6824 P@20 0.7556
Epoch 34/100 | Train Loss 0.0228 AP 0.7995 | Val Loss 0.0229 AP 0.8235 | P@2 0.9000 P@3 0.8667 P@5 0.9750 P@7 0.9091 P@10 0.8857 P@12 0.8611 P@15 0.8000 P@17 0.7235 P@20 0.7056
Epoch 35/100 | Train Loss 0.0219 AP 0.7805 | Val Loss 0.0233 AP 0.8012 | P@2 0.9000 P@3 0.8667 P@5 0.9500 P@7 0.9221 P@10 0.7714 P@12 0.7569 P@15 0.7905 P@17 0.7353 P@20 0.7944
Epoch 36/100 | Train Loss 0.0226 AP 0.8091 | Val Loss 0.0226 AP 0.8254 | P@2 1.0000 P@3 0.9111 P@5 0.9250 P@7 0.9481 P@10 0.8190 P@12 0.8958 P@15 0.7333 P@17 0.7647 P@20 0.7500
Epoch 37/100 | Train Loss 0.0222 AP 0.8065 | Val Loss 0.0220 AP 0.8351 | P@2 1.0000 P@3 0.9556 P@5 0.9125 P@7 0.8961 P@10 0.8381 P@12 0.7986 P@15 0.8190 P@17 0.8294 P@20 0.7667
Epoch 38/100 | Train Loss 0.0224 AP 0.8052 | Val Loss 0.0217 AP 0.8128 | P@2 0.9000 P@3 0.9556 P@5 0.9500 P@7 0.8701 P@10 0.8333 P@12 0.8889 P@15 0.7905 P@17 0.7529 P@20 0.6667
Epoch 39/100 | Train Loss 0.0222 AP 0.7904 | Val Loss 0.0234 AP 0.7963 | P@2 0.9000 P@3 0.8667 P@5 0.8875 P@7 0.9740 P@10 0.8190 P@12 0.8056 P@15 0.7619 P@17 0.7588 P@20 0.6722
Epoch 40/100 | Train Loss 0.0219 AP 0.8057 | Val Loss 0.0226 AP 0.8283 | P@2 1.0000 P@3 1.0000 P@5 0.9000 P@7 0.9740 P@10 0.8762 P@12 0.7986 P@15 0.8095 P@17 0.7647 P@20 0.7111
Epoch 41/100 | Train Loss 0.0223 AP 0.8015 | Val Loss 0.0219 AP 0.8235 | P@2 0.9000 P@3 0.9111 P@5 0.8625 P@7 0.9221 P@10 0.8143 P@12 0.8403 P@15 0.7619 P@17 0.7882 P@20 0.8000
Epoch 42/100 | Train Loss 0.0217 AP 0.7954 | Val Loss 0.0213 AP 0.8235 | P@2 0.9000 P@3 0.9111 P@5 0.8750 P@7 0.9091 P@10 0.8619 P@12 0.8542 P@15 0.7810 P@17 0.7529 P@20 0.7556
Epoch 43/100 | Train Loss 0.0217 AP 0.8124 | Val Loss 0.0219 AP 0.8186 | P@2 0.9000 P@3 0.9111 P@5 0.9500 P@7 0.9221 P@10 0.8048 P@12 0.7917 P@15 0.8095 P@17 0.7941 P@20 0.7500
Epoch 44/100 | Train Loss 0.0214 AP 0.7959 | Val Loss 0.0205 AP 0.8332 | P@2 0.9000 P@3 0.9111 P@5 0.9000 P@7 0.9481 P@10 0.8952 P@12 0.8403 P@15 0.7810 P@17 0.7529 P@20 0.7556
Epoch 45/100 | Train Loss 0.0213 AP 0.8108 | Val Loss 0.0209 AP 0.8468 | P@2 0.9000 P@3 0.8667 P@5 0.9500 P@7 0.9481 P@10 0.8810 P@12 0.8611 P@15 0.8095 P@17 0.7647 P@20 0.7944
Epoch 46/100 | Train Loss 0.0213 AP 0.7907 | Val Loss 0.0207 AP 0.8167 | P@2 0.9000 P@3 0.9111 P@5 0.8875 P@7 0.9481 P@10 0.8524 P@12 0.7847 P@15 0.7429 P@17 0.7471 P@20 0.7889
Epoch 47/100 | Train Loss 0.0213 AP 0.7959 | Val Loss 0.0223 AP 0.8235 | P@2 0.9000 P@3 0.9556 P@5 0.9500 P@7 0.9221 P@10 0.8429 P@12 0.7500 P@15 0.8095 P@17 0.7765 P@20 0.7722
Epoch 48/100 | Train Loss 0.0217 AP 0.8119 | Val Loss 0.0227 AP 0.8225 | P@2 0.9000 P@3 0.9111 P@5 0.9250 P@7 0.8961 P@10 0.8286 P@12 0.8819 P@15 0.7619 P@17 0.8059 P@20 0.7111
Epoch 49/100 | Train Loss 0.0212 AP 0.7986 | Val Loss 0.0212 AP 0.8332 | P@2 1.0000 P@3 0.9111 P@5 0.9000 P@7 0.9221 P@10 0.8952 P@12 0.8333 P@15 0.8476 P@17 0.7294 P@20 0.7444
Epoch 50/100 | Train Loss 0.0209 AP 0.7916 | Val Loss 0.0235 AP 0.8128 | P@2 0.9000 P@3 0.8667 P@5 0.9750 P@7 0.9481 P@10 0.8190 P@12 0.7917 P@15 0.8667 P@17 0.7529 P@20 0.6944
Epoch 51/100 | Train Loss 0.0211 AP 0.8084 | Val Loss 0.0205 AP 0.8535 | P@2 1.0000 P@3 0.9111 P@5 0.9250 P@7 0.9740 P@10 0.9238 P@12 0.8750 P@15 0.7333 P@17 0.8000 P@20 0.7611
Epoch 52/100 | Train Loss 0.0212 AP 0.8077 | Val Loss 0.0213 AP 0.8341 | P@2 0.9000 P@3 0.8667 P@5 0.9500 P@7 0.9481 P@10 0.8952 P@12 0.8403 P@15 0.8667 P@17 0.7412 P@20 0.7111
Epoch 53/100 | Train Loss 0.0208 AP 0.8115 | Val Loss 0.0206 AP 0.8351 | P@2 0.9000 P@3 0.9111 P@5 0.9750 P@7 0.9740 P@10 0.8667 P@12 0.8472 P@15 0.7810 P@17 0.7588 P@20 0.7444
Epoch 54/100 | Train Loss 0.0207 AP 0.8060 | Val Loss 0.0209 AP 0.8400 | P@2 1.0000 P@3 0.9556 P@5 0.9500 P@7 0.9610 P@10 0.8905 P@12 0.7917 P@15 0.7524 P@17 0.8059 P@20 0.7556
Epoch 55/100 | Train Loss 0.0210 AP 0.8100 | Val Loss 0.0219 AP 0.8371 | P@2 1.0000 P@3 0.8667 P@5 0.8625 P@7 1.0000 P@10 0.8571 P@12 0.8542 P@15 0.8000 P@17 0.8176 P@20 0.7333
Epoch 56/100 | Train Loss 0.0209 AP 0.8193 | Val Loss 0.0202 AP 0.8458 | P@2 0.9000 P@3 0.9556 P@5 0.9250 P@7 0.9221 P@10 0.9095 P@12 0.8403 P@15 0.8190 P@17 0.7706 P@20 0.7611
Epoch 57/100 | Train Loss 0.0209 AP 0.8043 | Val Loss 0.0241 AP 0.8225 | P@2 1.0000 P@3 0.9111 P@5 0.9500 P@7 0.9481 P@10 0.8571 P@12 0.8472 P@15 0.8286 P@17 0.7412 P@20 0.6833
Epoch 58/100 | Train Loss 0.0211 AP 0.8131 | Val Loss 0.0206 AP 0.8487 | P@2 0.9000 P@3 0.9111 P@5 0.9500 P@7 1.0000 P@10 0.8857 P@12 0.8194 P@15 0.8571 P@17 0.8118 P@20 0.7278
Epoch 59/100 | Train Loss 0.0205 AP 0.8012 | Val Loss 0.0198 AP 0.8293 | P@2 0.9000 P@3 0.9556 P@5 0.8875 P@7 0.9481 P@10 0.8476 P@12 0.7222 P@15 0.8381 P@17 0.7706 P@20 0.8278
Epoch 60/100 | Train Loss 0.0207 AP 0.8238 | Val Loss 0.0202 AP 0.8322 | P@2 1.0000 P@3 0.9556 P@5 1.0000 P@7 0.9481 P@10 0.8571 P@12 0.8333 P@15 0.7905 P@17 0.7059 P@20 0.7722
Epoch 61/100 | Train Loss 0.0199 AP 0.8199 | Val Loss 0.0206 AP 0.8361 | P@2 0.9000 P@3 0.9111 P@5 0.9750 P@7 0.9740 P@10 0.8762 P@12 0.8056 P@15 0.7333 P@17 0.7588 P@20 0.8000
Epoch 62/100 | Train Loss 0.0201 AP 0.8061 | Val Loss 0.0201 AP 0.8477 | P@2 1.0000 P@3 0.8667 P@5 0.9750 P@7 1.0000 P@10 0.8905 P@12 0.8611 P@15 0.8190 P@17 0.7765 P@20 0.7278
Epoch 63/100 | Train Loss 0.0201 AP 0.8153 | Val Loss 0.0212 AP 0.8312 | P@2 1.0000 P@3 0.9556 P@5 0.8750 P@7 0.9740 P@10 0.8857 P@12 0.8264 P@15 0.8381 P@17 0.7176 P@20 0.7444
Epoch 64/100 | Train Loss 0.0202 AP 0.8185 | Val Loss 0.0201 AP 0.8535 | P@2 0.9000 P@3 0.9556 P@5 0.9750 P@7 0.9481 P@10 0.8667 P@12 0.8333 P@15 0.8095 P@17 0.8118 P@20 0.7944
Epoch 65/100 | Train Loss 0.0201 AP 0.8138 | Val Loss 0.0219 AP 0.8274 | P@2 0.9000 P@3 0.9111 P@5 0.9750 P@7 0.9481 P@10 0.8619 P@12 0.8403 P@15 0.7714 P@17 0.7471 P@20 0.7389
Epoch 66/100 | Train Loss 0.0202 AP 0.8128 | Val Loss 0.0214 AP 0.8429 | P@2 0.9000 P@3 1.0000 P@5 0.9125 P@7 0.9740 P@10 0.8762 P@12 0.8472 P@15 0.8286 P@17 0.7588 P@20 0.7556
Epoch 67/100 | Train Loss 0.0198 AP 0.8256 | Val Loss 0.0201 AP 0.8671 | P@2 1.0000 P@3 0.8667 P@5 0.9750 P@7 0.9740 P@10 0.9381 P@12 0.7847 P@15 0.7524 P@17 0.8471 P@20 0.8278
Epoch 68/100 | Train Loss 0.0199 AP 0.8250 | Val Loss 0.0208 AP 0.8613 | P@2 0.9000 P@3 0.9556 P@5 0.9250 P@7 0.9740 P@10 0.9286 P@12 0.8542 P@15 0.8381 P@17 0.8176 P@20 0.7389
Epoch 69/100 | Train Loss 0.0194 AP 0.8244 | Val Loss 0.0196 AP 0.8545 | P@2 0.9000 P@3 0.9111 P@5 0.9500 P@7 0.8961 P@10 0.9190 P@12 0.9097 P@15 0.7905 P@17 0.8176 P@20 0.7278
Epoch 70/100 | Train Loss 0.0198 AP 0.8228 | Val Loss 0.0200 AP 0.8332 | P@2 0.9000 P@3 0.9556 P@5 0.9750 P@7 0.8961 P@10 0.8810 P@12 0.8125 P@15 0.8000 P@17 0.7412 P@20 0.7722
Epoch 71/100 | Train Loss 0.0198 AP 0.8149 | Val Loss 0.0202 AP 0.8361 | P@2 1.0000 P@3 0.9556 P@5 0.9375 P@7 0.8961 P@10 0.9000 P@12 0.8403 P@15 0.7714 P@17 0.7235 P@20 0.7833
Epoch 72/100 | Train Loss 0.0196 AP 0.8223 | Val Loss 0.0207 AP 0.8409 | P@2 1.0000 P@3 0.9556 P@5 0.9750 P@7 1.0000 P@10 0.8952 P@12 0.7778 P@15 0.7714 P@17 0.8000 P@20 0.7333
Epoch 73/100 | Train Loss 0.0193 AP 0.8135 | Val Loss 0.0209 AP 0.8332 | P@2 0.9000 P@3 0.9556 P@5 0.9250 P@7 0.9481 P@10 0.8762 P@12 0.8403 P@15 0.8095 P@17 0.7647 P@20 0.7278
Epoch 74/100 | Train Loss 0.0195 AP 0.8275 | Val Loss 0.0200 AP 0.8545 | P@2 0.9000 P@3 1.0000 P@5 0.9250 P@7 0.9221 P@10 0.9333 P@12 0.8403 P@15 0.7905 P@17 0.7824 P@20 0.7778
Epoch 75/100 | Train Loss 0.0197 AP 0.8250 | Val Loss 0.0197 AP 0.8535 | P@2 1.0000 P@3 0.9111 P@5 0.9000 P@7 1.0000 P@10 0.9143 P@12 0.8194 P@15 0.8381 P@17 0.8000 P@20 0.7556
Epoch 76/100 | Train Loss 0.0193 AP 0.8213 | Val Loss 0.0204 AP 0.8468 | P@2 1.0000 P@3 0.8667 P@5 0.9500 P@7 0.9740 P@10 0.8476 P@12 0.8403 P@15 0.7905 P@17 0.8471 P@20 0.7611
Epoch 77/100 | Train Loss 0.0191 AP 0.8260 | Val Loss 0.0187 AP 0.8487 | P@2 1.0000 P@3 0.9111 P@5 1.0000 P@7 1.0000 P@10 0.8667 P@12 0.8472 P@15 0.8095 P@17 0.7882 P@20 0.7444
Epoch 78/100 | Train Loss 0.0195 AP 0.8346 | Val Loss 0.0213 AP 0.8535 | P@2 0.9000 P@3 0.9556 P@5 0.9500 P@7 0.9740 P@10 0.9048 P@12 0.8125 P@15 0.7619 P@17 0.8353 P@20 0.7722
Epoch 79/100 | Train Loss 0.0196 AP 0.8235 | Val Loss 0.0201 AP 0.8565 | P@2 1.0000 P@3 0.9111 P@5 0.9500 P@7 1.0000 P@10 0.8810 P@12 0.8264 P@15 0.7524 P@17 0.8412 P@20 0.7944
Epoch 80/100 | Train Loss 0.0193 AP 0.8242 | Val Loss 0.0199 AP 0.8351 | P@2 1.0000 P@3 0.8667 P@5 0.9125 P@7 0.9481 P@10 0.8667 P@12 0.8333 P@15 0.8476 P@17 0.7471 P@20 0.7667
Epoch 81/100 | Train Loss 0.0197 AP 0.8236 | Val Loss 0.0204 AP 0.8497 | P@2 1.0000 P@3 0.9111 P@5 0.9750 P@7 0.9221 P@10 0.9095 P@12 0.8472 P@15 0.8286 P@17 0.7706 P@20 0.7500
Epoch 82/100 | Train Loss 0.0193 AP 0.8202 | Val Loss 0.0202 AP 0.8535 | P@2 1.0000 P@3 0.9556 P@5 0.9125 P@7 1.0000 P@10 0.8905 P@12 0.8194 P@15 0.8476 P@17 0.8353 P@20 0.7278
Epoch 83/100 | Train Loss 0.0195 AP 0.8334 | Val Loss 0.0190 AP 0.8400 | P@2 1.0000 P@3 0.9556 P@5 0.9500 P@7 0.9610 P@10 0.8571 P@12 0.7847 P@15 0.7905 P@17 0.7941 P@20 0.7889
Epoch 84/100 | Train Loss 0.0198 AP 0.8269 | Val Loss 0.0204 AP 0.8613 | P@2 1.0000 P@3 0.9556 P@5 0.9500 P@7 1.0000 P@10 0.8857 P@12 0.8542 P@15 0.8381 P@17 0.8000 P@20 0.7722
Epoch 85/100 | Train Loss 0.0191 AP 0.8284 | Val Loss 0.0192 AP 0.8361 | P@2 1.0000 P@3 0.9111 P@5 0.9375 P@7 0.9740 P@10 0.8952 P@12 0.8611 P@15 0.8000 P@17 0.7294 P@20 0.7278
Epoch 86/100 | Train Loss 0.0195 AP 0.8256 | Val Loss 0.0189 AP 0.8371 | P@2 1.0000 P@3 1.0000 P@5 0.9500 P@7 0.9740 P@10 0.8524 P@12 0.8542 P@15 0.8476 P@17 0.7412 P@20 0.7222
Epoch 87/100 | Train Loss 0.0197 AP 0.8253 | Val Loss 0.0195 AP 0.8225 | P@2 1.0000 P@3 0.9556 P@5 0.9500 P@7 0.9481 P@10 0.8857 P@12 0.7847 P@15 0.7714 P@17 0.7765 P@20 0.6889
Epoch 88/100 | Train Loss 0.0189 AP 0.8249 | Val Loss 0.0211 AP 0.8487 | P@2 1.0000 P@3 0.9556 P@5 0.9750 P@7 0.9610 P@10 0.9286 P@12 0.8194 P@15 0.8571 P@17 0.7706 P@20 0.7000
Epoch 89/100 | Train Loss 0.0189 AP 0.8284 | Val Loss 0.0195 AP 0.8739 | P@2 1.0000 P@3 0.9111 P@5 0.9750 P@7 0.9481 P@10 0.8952 P@12 0.8958 P@15 0.8476 P@17 0.8118 P@20 0.8056
Epoch 90/100 | Train Loss 0.0187 AP 0.8310 | Val Loss 0.0185 AP 0.8506 | P@2 1.0000 P@3 1.0000 P@5 0.9500 P@7 0.9740 P@10 0.8905 P@12 0.8472 P@15 0.8286 P@17 0.8000 P@20 0.7167
Epoch 91/100 | Train Loss 0.0193 AP 0.8224 | Val Loss 0.0201 AP 0.8283 | P@2 1.0000 P@3 0.9111 P@5 0.9250 P@7 0.9221 P@10 0.8810 P@12 0.8194 P@15 0.8000 P@17 0.7882 P@20 0.7056
Epoch 92/100 | Train Loss 0.0190 AP 0.8192 | Val Loss 0.0203 AP 0.8167 | P@2 0.9000 P@3 0.9111 P@5 0.9375 P@7 0.9740 P@10 0.8857 P@12 0.7847 P@15 0.7048 P@17 0.7765 P@20 0.7111
Epoch 93/100 | Train Loss 0.0190 AP 0.8219 | Val Loss 0.0209 AP 0.8516 | P@2 1.0000 P@3 1.0000 P@5 0.9500 P@7 0.9481 P@10 0.8524 P@12 0.8333 P@15 0.8571 P@17 0.8059 P@20 0.7667
Epoch 94/100 | Train Loss 0.0191 AP 0.8336 | Val Loss 0.0191 AP 0.8555 | P@2 1.0000 P@3 0.9111 P@5 0.9750 P@7 1.0000 P@10 0.8952 P@12 0.8750 P@15 0.8000 P@17 0.7941 P@20 0.7389
Epoch 95/100 | Train Loss 0.0189 AP 0.8296 | Val Loss 0.0203 AP 0.8526 | P@2 1.0000 P@3 0.9111 P@5 0.9625 P@7 1.0000 P@10 0.9095 P@12 0.8472 P@15 0.8095 P@17 0.7294 P@20 0.7889
Epoch 96/100 | Train Loss 0.0190 AP 0.8336 | Val Loss 0.0192 AP 0.8594 | P@2 1.0000 P@3 0.9556 P@5 0.9125 P@7 0.9740 P@10 0.9286 P@12 0.8333 P@15 0.8476 P@17 0.8176 P@20 0.7333
Epoch 97/100 | Train Loss 0.0188 AP 0.8304 | Val Loss 0.0195 AP 0.8244 | P@2 1.0000 P@3 0.9556 P@5 0.9750 P@7 0.9481 P@10 0.8524 P@12 0.8472 P@15 0.7714 P@17 0.7294 P@20 0.7222
Epoch 98/100 | Train Loss 0.0188 AP 0.8281 | Val Loss 0.0195 AP 0.8390 | P@2 1.0000 P@3 0.8667 P@5 0.9125 P@7 0.9740 P@10 0.8857 P@12 0.7778 P@15 0.8286 P@17 0.7941 P@20 0.7667
Epoch 99/100 | Train Loss 0.0183 AP 0.8337 | Val Loss 0.0193 AP 0.8438 | P@2 1.0000 P@3 0.9111 P@5 0.9500 P@7 0.9740 P@10 0.9143 P@12 0.8333 P@15 0.8667 P@17 0.7235 P@20 0.7333
Epoch 100/100 | Train Loss 0.0185 AP 0.8166 | Val Loss 0.0193 AP 0.8157 | P@2 1.0000 P@3 0.9556 P@5 0.9375 P@7 0.9740 P@10 0.8810 P@12 0.7986 P@15 0.7714 P@17 0.7294 P@20 0.6833

Run Config
epochs=100
batch_size=64
lr=0.001
weight_decay=0.0001
margin=0.9
num_workers=2
train_path=data/train_trajectories.npy
test_path=data/test_trajectories.npy
device=cuda
model.feature_dim=6
model.hidden_dim=128
model.num_layers=2
model.conv_channels=32
model.embed_dim=32
model.dropout=0.1
--- end ---
