Epoch 1/100 | Train Loss 0.0750 AP 0.4156 | Val Loss 0.0566 Top1 0.8982 AP 0.4656 | P@2 1.0000 P@3 0.8222 P@5 0.6875 P@7 0.6883 P@10 0.4143 P@12 0.4514 P@15 0.3714 P@17 0.3647 P@20 0.3444
Epoch 2/100 | Train Loss 0.0541 AP 0.4996 | Val Loss 0.0501 Top1 0.9117 AP 0.5315 | P@2 0.8000 P@3 0.8667 P@5 0.8000 P@7 0.7662 P@10 0.5476 P@12 0.4861 P@15 0.3905 P@17 0.4118 P@20 0.4111
Epoch 3/100 | Train Loss 0.0466 AP 0.5976 | Val Loss 0.0418 Top1 0.9379 AP 0.6576 | P@2 1.0000 P@3 0.9556 P@5 0.8375 P@7 0.9481 P@10 0.7095 P@12 0.6667 P@15 0.5048 P@17 0.5706 P@20 0.4444
Epoch 4/100 | Train Loss 0.0409 AP 0.6047 | Val Loss 0.0397 Top1 0.9476 AP 0.6305 | P@2 1.0000 P@3 0.9111 P@5 0.8750 P@7 0.8571 P@10 0.6667 P@12 0.5694 P@15 0.5429 P@17 0.5412 P@20 0.4556
Epoch 5/100 | Train Loss 0.0391 AP 0.7212 | Val Loss 0.0321 Top1 0.9544 AP 0.7585 | P@2 1.0000 P@3 0.9556 P@5 0.8125 P@7 0.9221 P@10 0.7905 P@12 0.7431 P@15 0.7143 P@17 0.6529 P@20 0.6889
Epoch 6/100 | Train Loss 0.0340 AP 0.7428 | Val Loss 0.0275 Top1 0.9631 AP 0.8118 | P@2 1.0000 P@3 0.9556 P@5 0.8625 P@7 0.9221 P@10 0.8524 P@12 0.8056 P@15 0.7429 P@17 0.7529 P@20 0.7389
Epoch 7/100 | Train Loss 0.0312 AP 0.7470 | Val Loss 0.0272 Top1 0.9641 AP 0.7827 | P@2 1.0000 P@3 1.0000 P@5 0.9250 P@7 0.8961 P@10 0.7667 P@12 0.8333 P@15 0.7429 P@17 0.6412 P@20 0.7278
Epoch 8/100 | Train Loss 0.0298 AP 0.7477 | Val Loss 0.0253 Top1 0.9690 AP 0.7876 | P@2 1.0000 P@3 0.9556 P@5 0.8375 P@7 0.8831 P@10 0.7905 P@12 0.7569 P@15 0.8190 P@17 0.6824 P@20 0.7611
Epoch 9/100 | Train Loss 0.0294 AP 0.7717 | Val Loss 0.0252 Top1 0.9690 AP 0.8167 | P@2 1.0000 P@3 0.9556 P@5 0.8750 P@7 0.9221 P@10 0.8667 P@12 0.7917 P@15 0.8095 P@17 0.7118 P@20 0.7556
Epoch 10/100 | Train Loss 0.0281 AP 0.7794 | Val Loss 0.0287 Top1 0.9709 AP 0.8351 | P@2 1.0000 P@3 1.0000 P@5 0.9000 P@7 0.9481 P@10 0.8429 P@12 0.8611 P@15 0.7524 P@17 0.7412 P@20 0.8056
Epoch 11/100 | Train Loss 0.0275 AP 0.7642 | Val Loss 0.0270 Top1 0.9602 AP 0.7779 | P@2 1.0000 P@3 0.9556 P@5 0.9250 P@7 0.8442 P@10 0.7762 P@12 0.8125 P@15 0.6476 P@17 0.7235 P@20 0.7167
Epoch 12/100 | Train Loss 0.0265 AP 0.7658 | Val Loss 0.0235 Top1 0.9690 AP 0.8157 | P@2 1.0000 P@3 0.9556 P@5 0.8500 P@7 0.8182 P@10 0.8286 P@12 0.8958 P@15 0.6952 P@17 0.7647 P@20 0.7833
Epoch 13/100 | Train Loss 0.0263 AP 0.7796 | Val Loss 0.0224 Top1 0.9680 AP 0.8293 | P@2 1.0000 P@3 0.9556 P@5 0.8750 P@7 0.9351 P@10 0.8381 P@12 0.8681 P@15 0.7905 P@17 0.7353 P@20 0.7833
Epoch 14/100 | Train Loss 0.0257 AP 0.7884 | Val Loss 0.0237 Top1 0.9670 AP 0.8206 | P@2 1.0000 P@3 1.0000 P@5 0.8750 P@7 0.8961 P@10 0.8571 P@12 0.8472 P@15 0.7524 P@17 0.7588 P@20 0.7333
Epoch 15/100 | Train Loss 0.0250 AP 0.8055 | Val Loss 0.0222 Top1 0.9777 AP 0.8351 | P@2 1.0000 P@3 0.9333 P@5 0.9000 P@7 0.8961 P@10 0.8238 P@12 0.8681 P@15 0.8762 P@17 0.7471 P@20 0.7833
Epoch 16/100 | Train Loss 0.0246 AP 0.7901 | Val Loss 0.0232 Top1 0.9709 AP 0.8322 | P@2 1.0000 P@3 1.0000 P@5 0.9250 P@7 0.8571 P@10 0.8333 P@12 0.8681 P@15 0.8381 P@17 0.7647 P@20 0.7500
Epoch 17/100 | Train Loss 0.0247 AP 0.7708 | Val Loss 0.0243 Top1 0.9690 AP 0.8021 | P@2 1.0000 P@3 0.9556 P@5 0.9000 P@7 0.8961 P@10 0.8095 P@12 0.8681 P@15 0.7143 P@17 0.6765 P@20 0.7667
Epoch 18/100 | Train Loss 0.0245 AP 0.8039 | Val Loss 0.0282 Top1 0.9748 AP 0.8506 | P@2 1.0000 P@3 0.9111 P@5 0.9250 P@7 0.9481 P@10 0.8714 P@12 0.8403 P@15 0.8476 P@17 0.7765 P@20 0.8000
Epoch 19/100 | Train Loss 0.0243 AP 0.8005 | Val Loss 0.0218 Top1 0.9719 AP 0.8400 | P@2 1.0000 P@3 0.9333 P@5 0.9250 P@7 0.9740 P@10 0.8381 P@12 0.8333 P@15 0.8667 P@17 0.7824 P@20 0.7500
Epoch 20/100 | Train Loss 0.0232 AP 0.8218 | Val Loss 0.0246 Top1 0.9719 AP 0.8574 | P@2 0.9000 P@3 0.8667 P@5 0.9750 P@7 0.9740 P@10 0.8810 P@12 0.8819 P@15 0.8190 P@17 0.7882 P@20 0.7889
Epoch 21/100 | Train Loss 0.0231 AP 0.8134 | Val Loss 0.0216 Top1 0.9690 AP 0.8312 | P@2 0.9000 P@3 0.9556 P@5 0.9000 P@7 0.9351 P@10 0.8714 P@12 0.8125 P@15 0.8381 P@17 0.7412 P@20 0.7667
Epoch 22/100 | Train Loss 0.0232 AP 0.8277 | Val Loss 0.0196 Top1 0.9709 AP 0.8535 | P@2 1.0000 P@3 0.9556 P@5 0.8750 P@7 0.9481 P@10 0.8857 P@12 0.8750 P@15 0.8286 P@17 0.7647 P@20 0.8056
Epoch 23/100 | Train Loss 0.0222 AP 0.8144 | Val Loss 0.0200 Top1 0.9758 AP 0.8613 | P@2 1.0000 P@3 0.8667 P@5 0.9250 P@7 0.8701 P@10 0.8905 P@12 0.8472 P@15 0.8381 P@17 0.8000 P@20 0.8611
Epoch 24/100 | Train Loss 0.0223 AP 0.8219 | Val Loss 0.0194 Top1 0.9758 AP 0.8652 | P@2 1.0000 P@3 1.0000 P@5 0.9250 P@7 0.9221 P@10 0.8952 P@12 0.8611 P@15 0.8095 P@17 0.7706 P@20 0.8556
Epoch 25/100 | Train Loss 0.0219 AP 0.8364 | Val Loss 0.0231 Top1 0.9748 AP 0.8710 | P@2 1.0000 P@3 0.8667 P@5 0.9250 P@7 0.9481 P@10 0.8905 P@12 0.9167 P@15 0.8095 P@17 0.8118 P@20 0.8333
Epoch 26/100 | Train Loss 0.0220 AP 0.8231 | Val Loss 0.0217 Top1 0.9777 AP 0.8594 | P@2 1.0000 P@3 0.9111 P@5 0.9000 P@7 0.9221 P@10 0.9048 P@12 0.8819 P@15 0.8762 P@17 0.7588 P@20 0.8000
Epoch 27/100 | Train Loss 0.0216 AP 0.8356 | Val Loss 0.0187 Top1 0.9787 AP 0.8836 | P@2 1.0000 P@3 0.9556 P@5 0.9250 P@7 0.9740 P@10 0.8714 P@12 0.9236 P@15 0.8667 P@17 0.8471 P@20 0.8222
Epoch 28/100 | Train Loss 0.0214 AP 0.8176 | Val Loss 0.0201 Top1 0.9767 AP 0.8584 | P@2 1.0000 P@3 0.9556 P@5 0.9500 P@7 0.9481 P@10 0.8571 P@12 0.8819 P@15 0.8952 P@17 0.7529 P@20 0.8000
Epoch 29/100 | Train Loss 0.0213 AP 0.8230 | Val Loss 0.0194 Top1 0.9787 AP 0.8429 | P@2 1.0000 P@3 0.9111 P@5 0.9250 P@7 0.8961 P@10 0.8381 P@12 0.8542 P@15 0.7333 P@17 0.7824 P@20 0.8667
Epoch 30/100 | Train Loss 0.0207 AP 0.8315 | Val Loss 0.0203 Top1 0.9787 AP 0.8603 | P@2 1.0000 P@3 0.9111 P@5 0.9500 P@7 0.9740 P@10 0.8381 P@12 0.8889 P@15 0.8762 P@17 0.7765 P@20 0.8167
Epoch 31/100 | Train Loss 0.0210 AP 0.8286 | Val Loss 0.0219 Top1 0.9777 AP 0.8438 | P@2 1.0000 P@3 0.9111 P@5 0.9250 P@7 0.9740 P@10 0.8524 P@12 0.8472 P@15 0.8286 P@17 0.8059 P@20 0.7500
Epoch 32/100 | Train Loss 0.0212 AP 0.8274 | Val Loss 0.0189 Top1 0.9874 AP 0.8632 | P@2 1.0000 P@3 0.9556 P@5 0.9250 P@7 0.9221 P@10 0.8476 P@12 0.9028 P@15 0.8762 P@17 0.8000 P@20 0.8111
Epoch 33/100 | Train Loss 0.0207 AP 0.8234 | Val Loss 0.0203 Top1 0.9796 AP 0.8671 | P@2 1.0000 P@3 0.9111 P@5 0.9500 P@7 0.9740 P@10 0.8381 P@12 0.9167 P@15 0.8952 P@17 0.8059 P@20 0.7944
Epoch 34/100 | Train Loss 0.0202 AP 0.8243 | Val Loss 0.0195 Top1 0.9777 AP 0.8341 | P@2 0.9000 P@3 0.9556 P@5 0.9000 P@7 0.9221 P@10 0.8524 P@12 0.8681 P@15 0.8095 P@17 0.7529 P@20 0.7722
Epoch 35/100 | Train Loss 0.0204 AP 0.8290 | Val Loss 0.0180 Top1 0.9835 AP 0.8400 | P@2 1.0000 P@3 0.9111 P@5 0.9250 P@7 0.8442 P@10 0.8238 P@12 0.8611 P@15 0.8571 P@17 0.7588 P@20 0.8333
Epoch 36/100 | Train Loss 0.0201 AP 0.8353 | Val Loss 0.0188 Top1 0.9796 AP 0.8594 | P@2 1.0000 P@3 0.9111 P@5 0.9250 P@7 0.8961 P@10 0.8571 P@12 0.8819 P@15 0.8667 P@17 0.7882 P@20 0.8333
Epoch 37/100 | Train Loss 0.0198 AP 0.8208 | Val Loss 0.0201 Top1 0.9835 AP 0.8526 | P@2 1.0000 P@3 0.9111 P@5 0.8500 P@7 0.8701 P@10 0.8286 P@12 0.9236 P@15 0.8762 P@17 0.8235 P@20 0.8000
Epoch 38/100 | Train Loss 0.0197 AP 0.8210 | Val Loss 0.0196 Top1 0.9758 AP 0.8254 | P@2 1.0000 P@3 0.9111 P@5 0.8750 P@7 0.9481 P@10 0.8238 P@12 0.8194 P@15 0.7714 P@17 0.8118 P@20 0.7611
Epoch 39/100 | Train Loss 0.0196 AP 0.8265 | Val Loss 0.0189 Top1 0.9796 AP 0.8458 | P@2 1.0000 P@3 0.9556 P@5 0.9250 P@7 0.9221 P@10 0.8238 P@12 0.8403 P@15 0.8381 P@17 0.8000 P@20 0.8111
Epoch 40/100 | Train Loss 0.0199 AP 0.8527 | Val Loss 0.0181 Top1 0.9825 AP 0.8914 | P@2 1.0000 P@3 0.9556 P@5 0.9500 P@7 0.9740 P@10 0.9238 P@12 0.9028 P@15 0.8762 P@17 0.8529 P@20 0.8000
Epoch 41/100 | Train Loss 0.0194 AP 0.8537 | Val Loss 0.0222 Top1 0.9728 AP 0.8700 | P@2 1.0000 P@3 0.9556 P@5 0.8750 P@7 1.0000 P@10 0.8762 P@12 0.8472 P@15 0.8476 P@17 0.8353 P@20 0.8333
Epoch 42/100 | Train Loss 0.0190 AP 0.8503 | Val Loss 0.0185 Top1 0.9825 AP 0.8710 | P@2 1.0000 P@3 0.9556 P@5 0.8500 P@7 0.9740 P@10 0.8810 P@12 0.8958 P@15 0.8381 P@17 0.8059 P@20 0.8500
Epoch 43/100 | Train Loss 0.0191 AP 0.8528 | Val Loss 0.0176 Top1 0.9825 AP 0.8613 | P@2 1.0000 P@3 0.9556 P@5 0.9000 P@7 0.9481 P@10 0.8762 P@12 0.8958 P@15 0.8667 P@17 0.7588 P@20 0.8167
Epoch 44/100 | Train Loss 0.0190 AP 0.8570 | Val Loss 0.0175 Top1 0.9816 AP 0.8652 | P@2 1.0000 P@3 0.9556 P@5 0.9000 P@7 0.9481 P@10 0.8333 P@12 0.8681 P@15 0.9619 P@17 0.7941 P@20 0.8222
Epoch 45/100 | Train Loss 0.0189 AP 0.8619 | Val Loss 0.0167 Top1 0.9816 AP 0.8865 | P@2 1.0000 P@3 0.9111 P@5 0.9750 P@7 0.9740 P@10 0.8762 P@12 0.8542 P@15 0.8857 P@17 0.8647 P@20 0.8500
Epoch 46/100 | Train Loss 0.0188 AP 0.8548 | Val Loss 0.0196 Top1 0.9835 AP 0.8691 | P@2 1.0000 P@3 0.9556 P@5 0.9250 P@7 0.9740 P@10 0.8667 P@12 0.8403 P@15 0.8571 P@17 0.8059 P@20 0.8556
Epoch 47/100 | Train Loss 0.0190 AP 0.8553 | Val Loss 0.0180 Top1 0.9884 AP 0.8768 | P@2 1.0000 P@3 0.9556 P@5 0.9000 P@7 0.9481 P@10 0.8619 P@12 0.9097 P@15 0.9048 P@17 0.8294 P@20 0.8222
Epoch 48/100 | Train Loss 0.0185 AP 0.8424 | Val Loss 0.0222 Top1 0.9835 AP 0.8729 | P@2 1.0000 P@3 0.9111 P@5 0.9250 P@7 0.9221 P@10 0.9000 P@12 0.8958 P@15 0.8095 P@17 0.8235 P@20 0.8389
Epoch 49/100 | Train Loss 0.0189 AP 0.8376 | Val Loss 0.0221 Top1 0.9719 AP 0.8341 | P@2 1.0000 P@3 0.9111 P@5 0.9250 P@7 0.9481 P@10 0.8333 P@12 0.8611 P@15 0.8857 P@17 0.7294 P@20 0.7556
Epoch 50/100 | Train Loss 0.0191 AP 0.8463 | Val Loss 0.0197 Top1 0.9806 AP 0.8758 | P@2 1.0000 P@3 1.0000 P@5 0.9250 P@7 0.9740 P@10 0.8619 P@12 0.9167 P@15 0.8190 P@17 0.8235 P@20 0.8333
Epoch 51/100 | Train Loss 0.0184 AP 0.8154 | Val Loss 0.0195 Top1 0.9787 AP 0.8565 | P@2 1.0000 P@3 0.9111 P@5 0.9250 P@7 0.9481 P@10 0.8286 P@12 0.8611 P@15 0.9333 P@17 0.7882 P@20 0.8056
Epoch 52/100 | Train Loss 0.0185 AP 0.8472 | Val Loss 0.0174 Top1 0.9777 AP 0.8671 | P@2 1.0000 P@3 0.8889 P@5 0.9500 P@7 0.9221 P@10 0.8619 P@12 0.8958 P@15 0.8286 P@17 0.8176 P@20 0.8389
Epoch 53/100 | Train Loss 0.0180 AP 0.8559 | Val Loss 0.0177 Top1 0.9874 AP 0.9049 | P@2 1.0000 P@3 1.0000 P@5 0.9250 P@7 0.9740 P@10 0.8905 P@12 0.8889 P@15 0.9143 P@17 0.8647 P@20 0.8944
Epoch 54/100 | Train Loss 0.0179 AP 0.8505 | Val Loss 0.0173 Top1 0.9806 AP 0.8807 | P@2 1.0000 P@3 0.9556 P@5 0.9250 P@7 0.9481 P@10 0.8762 P@12 0.9167 P@15 0.8952 P@17 0.8471 P@20 0.8000
Epoch 55/100 | Train Loss 0.0180 AP 0.8542 | Val Loss 0.0166 Top1 0.9835 AP 0.8720 | P@2 1.0000 P@3 1.0000 P@5 0.9250 P@7 0.9481 P@10 0.8905 P@12 0.8889 P@15 0.8000 P@17 0.8471 P@20 0.8000
Epoch 56/100 | Train Loss 0.0177 AP 0.8555 | Val Loss 0.0162 Top1 0.9855 AP 0.8603 | P@2 1.0000 P@3 0.9556 P@5 0.9000 P@7 0.9740 P@10 0.8619 P@12 0.8681 P@15 0.8952 P@17 0.8059 P@20 0.7778
Epoch 57/100 | Train Loss 0.0180 AP 0.8561 | Val Loss 0.0167 Top1 0.9806 AP 0.8691 | P@2 1.0000 P@3 0.9111 P@5 0.9250 P@7 0.9221 P@10 0.8619 P@12 0.9167 P@15 0.8762 P@17 0.8118 P@20 0.8167
Epoch 58/100 | Train Loss 0.0178 AP 0.8600 | Val Loss 0.0167 Top1 0.9825 AP 0.8788 | P@2 1.0000 P@3 0.9111 P@5 0.9500 P@7 0.9481 P@10 0.8476 P@12 0.9028 P@15 0.9048 P@17 0.8353 P@20 0.8389
Epoch 59/100 | Train Loss 0.0180 AP 0.8514 | Val Loss 0.0165 Top1 0.9777 AP 0.8613 | P@2 1.0000 P@3 0.8889 P@5 0.8750 P@7 0.9481 P@10 0.8571 P@12 0.8958 P@15 0.8381 P@17 0.8529 P@20 0.7944
Epoch 60/100 | Train Loss 0.0179 AP 0.8600 | Val Loss 0.0262 Top1 0.9835 AP 0.9020 | P@2 1.0000 P@3 1.0000 P@5 0.9750 P@7 0.9740 P@10 0.8905 P@12 0.9097 P@15 0.9238 P@17 0.8235 P@20 0.8722
Epoch 61/100 | Train Loss 0.0176 AP 0.8664 | Val Loss 0.0167 Top1 0.9806 AP 0.8826 | P@2 1.0000 P@3 0.9556 P@5 0.9250 P@7 1.0000 P@10 0.8667 P@12 0.8750 P@15 0.9048 P@17 0.8588 P@20 0.8167
Epoch 62/100 | Train Loss 0.0171 AP 0.8573 | Val Loss 0.0181 Top1 0.9845 AP 0.8700 | P@2 1.0000 P@3 1.0000 P@5 0.9000 P@7 0.9221 P@10 0.8905 P@12 0.8889 P@15 0.8476 P@17 0.8235 P@20 0.8056
Epoch 63/100 | Train Loss 0.0176 AP 0.8513 | Val Loss 0.0165 Top1 0.9825 AP 0.8836 | P@2 1.0000 P@3 1.0000 P@5 0.9000 P@7 0.9740 P@10 0.9286 P@12 0.8750 P@15 0.8857 P@17 0.8588 P@20 0.7722
Epoch 64/100 | Train Loss 0.0177 AP 0.8406 | Val Loss 0.0176 Top1 0.9806 AP 0.8574 | P@2 1.0000 P@3 0.9556 P@5 1.0000 P@7 0.9221 P@10 0.8857 P@12 0.8542 P@15 0.8667 P@17 0.7412 P@20 0.8000
Epoch 65/100 | Train Loss 0.0172 AP 0.8533 | Val Loss 0.0174 Top1 0.9806 AP 0.8671 | P@2 1.0000 P@3 0.9111 P@5 0.9000 P@7 1.0000 P@10 0.8571 P@12 0.9375 P@15 0.8190 P@17 0.8412 P@20 0.7778
Epoch 66/100 | Train Loss 0.0172 AP 0.8430 | Val Loss 0.0181 Top1 0.9816 AP 0.8749 | P@2 1.0000 P@3 0.9111 P@5 0.9250 P@7 0.8961 P@10 0.8762 P@12 0.9306 P@15 0.9429 P@17 0.8235 P@20 0.7833
Epoch 67/100 | Train Loss 0.0179 AP 0.8661 | Val Loss 0.0169 Top1 0.9777 AP 0.8836 | P@2 1.0000 P@3 0.9333 P@5 0.9750 P@7 1.0000 P@10 0.8905 P@12 0.8611 P@15 0.8762 P@17 0.8176 P@20 0.8444
Epoch 68/100 | Train Loss 0.0174 AP 0.8539 | Val Loss 0.0161 Top1 0.9796 AP 0.8807 | P@2 1.0000 P@3 0.9556 P@5 0.9000 P@7 1.0000 P@10 0.8857 P@12 0.8889 P@15 0.8667 P@17 0.8235 P@20 0.8389
Epoch 69/100 | Train Loss 0.0174 AP 0.8638 | Val Loss 0.0161 Top1 0.9864 AP 0.8661 | P@2 1.0000 P@3 0.8667 P@5 0.9500 P@7 0.9740 P@10 0.8905 P@12 0.8958 P@15 0.9048 P@17 0.7941 P@20 0.7611
Epoch 70/100 | Train Loss 0.0172 AP 0.8409 | Val Loss 0.0226 Top1 0.9806 AP 0.8681 | P@2 1.0000 P@3 1.0000 P@5 0.9500 P@7 0.9221 P@10 0.8571 P@12 0.8819 P@15 0.8476 P@17 0.8471 P@20 0.7944
Epoch 71/100 | Train Loss 0.0174 AP 0.8732 | Val Loss 0.0151 Top1 0.9845 AP 0.8972 | P@2 1.0000 P@3 1.0000 P@5 0.9500 P@7 1.0000 P@10 0.8667 P@12 0.9167 P@15 0.9429 P@17 0.8353 P@20 0.8444
Epoch 72/100 | Train Loss 0.0175 AP 0.8507 | Val Loss 0.0161 Top1 0.9816 AP 0.8778 | P@2 1.0000 P@3 0.9111 P@5 0.9250 P@7 0.9481 P@10 0.8714 P@12 0.8750 P@15 0.9238 P@17 0.8588 P@20 0.8056
Epoch 73/100 | Train Loss 0.0174 AP 0.8366 | Val Loss 0.0162 Top1 0.9884 AP 0.8584 | P@2 1.0000 P@3 1.0000 P@5 0.9250 P@7 1.0000 P@10 0.8143 P@12 0.8750 P@15 0.9143 P@17 0.7529 P@20 0.8222
Epoch 74/100 | Train Loss 0.0170 AP 0.8657 | Val Loss 0.0193 Top1 0.9806 AP 0.8914 | P@2 1.0000 P@3 0.9556 P@5 0.9500 P@7 0.9481 P@10 0.9143 P@12 0.8750 P@15 0.8286 P@17 0.8294 P@20 0.8944
Epoch 75/100 | Train Loss 0.0169 AP 0.8625 | Val Loss 0.0166 Top1 0.9796 AP 0.8855 | P@2 1.0000 P@3 0.9556 P@5 0.9250 P@7 0.9481 P@10 0.9190 P@12 0.9167 P@15 0.8571 P@17 0.8118 P@20 0.8333
Epoch 76/100 | Train Loss 0.0169 AP 0.8482 | Val Loss 0.0205 Top1 0.9855 AP 0.8865 | P@2 1.0000 P@3 1.0000 P@5 0.9250 P@7 0.9221 P@10 0.8762 P@12 0.8750 P@15 0.8952 P@17 0.8706 P@20 0.8444
Epoch 77/100 | Train Loss 0.0167 AP 0.8630 | Val Loss 0.0147 Top1 0.9835 AP 0.8720 | P@2 1.0000 P@3 0.9556 P@5 0.9500 P@7 0.9740 P@10 0.8714 P@12 0.8819 P@15 0.8286 P@17 0.8235 P@20 0.8222
Epoch 78/100 | Train Loss 0.0169 AP 0.8559 | Val Loss 0.0154 Top1 0.9893 AP 0.8632 | P@2 1.0000 P@3 0.9111 P@5 0.9750 P@7 0.9481 P@10 0.8857 P@12 0.8611 P@15 0.8095 P@17 0.7765 P@20 0.8389
Epoch 79/100 | Train Loss 0.0167 AP 0.8616 | Val Loss 0.0164 Top1 0.9825 AP 0.8739 | P@2 1.0000 P@3 0.9556 P@5 0.9750 P@7 1.0000 P@10 0.8571 P@12 0.9167 P@15 0.8857 P@17 0.7706 P@20 0.8167
Epoch 80/100 | Train Loss 0.0169 AP 0.8530 | Val Loss 0.0163 Top1 0.9845 AP 0.8691 | P@2 1.0000 P@3 1.0000 P@5 0.9000 P@7 0.9221 P@10 0.8905 P@12 0.9167 P@15 0.8857 P@17 0.8000 P@20 0.7778
Epoch 81/100 | Train Loss 0.0169 AP 0.8609 | Val Loss 0.0156 Top1 0.9835 AP 0.8817 | P@2 1.0000 P@3 0.9556 P@5 0.9250 P@7 0.8701 P@10 0.8714 P@12 0.9444 P@15 0.9048 P@17 0.8235 P@20 0.8389
Epoch 82/100 | Train Loss 0.0168 AP 0.8674 | Val Loss 0.0161 Top1 0.9884 AP 0.8768 | P@2 1.0000 P@3 1.0000 P@5 0.9000 P@7 0.9481 P@10 0.8714 P@12 0.9583 P@15 0.8667 P@17 0.8176 P@20 0.7944
Epoch 83/100 | Train Loss 0.0170 AP 0.8455 | Val Loss 0.0175 Top1 0.9893 AP 0.8875 | P@2 1.0000 P@3 0.9111 P@5 0.9250 P@7 1.0000 P@10 0.8810 P@12 0.9028 P@15 0.9238 P@17 0.8588 P@20 0.8056
Epoch 84/100 | Train Loss 0.0166 AP 0.8595 | Val Loss 0.0149 Top1 0.9855 AP 0.8914 | P@2 1.0000 P@3 1.0000 P@5 0.9750 P@7 0.9740 P@10 0.8667 P@12 0.9514 P@15 0.8286 P@17 0.8000 P@20 0.8833
Epoch 85/100 | Train Loss 0.0166 AP 0.8459 | Val Loss 0.0189 Top1 0.9835 AP 0.8681 | P@2 1.0000 P@3 0.9111 P@5 0.9500 P@7 0.9221 P@10 0.8905 P@12 0.8889 P@15 0.8286 P@17 0.8059 P@20 0.8222
Epoch 86/100 | Train Loss 0.0168 AP 0.8658 | Val Loss 0.0151 Top1 0.9874 AP 0.9001 | P@2 1.0000 P@3 0.9556 P@5 0.9250 P@7 1.0000 P@10 0.8905 P@12 0.9306 P@15 0.9619 P@17 0.8294 P@20 0.8389
Epoch 87/100 | Train Loss 0.0165 AP 0.8813 | Val Loss 0.0152 Top1 0.9825 AP 0.8836 | P@2 1.0000 P@3 0.9111 P@5 0.9500 P@7 1.0000 P@10 0.8857 P@12 0.9028 P@15 0.9048 P@17 0.8588 P@20 0.7778
Epoch 88/100 | Train Loss 0.0166 AP 0.8576 | Val Loss 0.0167 Top1 0.9796 AP 0.8875 | P@2 1.0000 P@3 0.8667 P@5 0.9500 P@7 0.9481 P@10 0.8905 P@12 0.8958 P@15 0.8762 P@17 0.8765 P@20 0.8333
Epoch 89/100 | Train Loss 0.0166 AP 0.8485 | Val Loss 0.0163 Top1 0.9767 AP 0.8594 | P@2 1.0000 P@3 0.9556 P@5 0.9250 P@7 0.8961 P@10 0.8286 P@12 0.8750 P@15 0.8762 P@17 0.8294 P@20 0.8167
Epoch 90/100 | Train Loss 0.0163 AP 0.8625 | Val Loss 0.0167 Top1 0.9816 AP 0.8720 | P@2 1.0000 P@3 0.9556 P@5 0.8750 P@7 0.9221 P@10 0.8810 P@12 0.8958 P@15 0.8857 P@17 0.8353 P@20 0.8111
Epoch 91/100 | Train Loss 0.0161 AP 0.8383 | Val Loss 0.0254 Top1 0.9767 AP 0.8545 | P@2 1.0000 P@3 0.8889 P@5 0.9250 P@7 0.9481 P@10 0.8857 P@12 0.8542 P@15 0.8952 P@17 0.7882 P@20 0.7611
Epoch 92/100 | Train Loss 0.0161 AP 0.8704 | Val Loss 0.0160 Top1 0.9913 AP 0.9049 | P@2 1.0000 P@3 0.9556 P@5 0.9250 P@7 0.9740 P@10 0.9143 P@12 0.9444 P@15 0.9238 P@17 0.8647 P@20 0.8278
Epoch 93/100 | Train Loss 0.0165 AP 0.8687 | Val Loss 0.0148 Top1 0.9893 AP 0.8797 | P@2 1.0000 P@3 0.9556 P@5 0.9750 P@7 0.9481 P@10 0.8762 P@12 0.9028 P@15 0.8381 P@17 0.8529 P@20 0.8111
Epoch 94/100 | Train Loss 0.0162 AP 0.8801 | Val Loss 0.0148 Top1 0.9864 AP 0.9088 | P@2 1.0000 P@3 0.9556 P@5 0.9750 P@7 0.9481 P@10 0.8952 P@12 0.9583 P@15 0.8952 P@17 0.8412 P@20 0.8889
Epoch 95/100 | Train Loss 0.0162 AP 0.8728 | Val Loss 0.0166 Top1 0.9845 AP 0.8904 | P@2 1.0000 P@3 0.9111 P@5 0.9750 P@7 0.8961 P@10 0.9190 P@12 0.9306 P@15 0.9429 P@17 0.8294 P@20 0.7944
Epoch 96/100 | Train Loss 0.0163 AP 0.8643 | Val Loss 0.0149 Top1 0.9816 AP 0.9011 | P@2 1.0000 P@3 0.9556 P@5 0.9750 P@7 0.9221 P@10 0.8905 P@12 0.8958 P@15 0.9143 P@17 0.8882 P@20 0.8556
Epoch 97/100 | Train Loss 0.0159 AP 0.8848 | Val Loss 0.0143 Top1 0.9864 AP 0.8817 | P@2 1.0000 P@3 0.8889 P@5 0.9250 P@7 0.9481 P@10 0.8857 P@12 0.9167 P@15 0.8952 P@17 0.8059 P@20 0.8500
Epoch 98/100 | Train Loss 0.0160 AP 0.8801 | Val Loss 0.0146 Top1 0.9864 AP 0.8788 | P@2 1.0000 P@3 1.0000 P@5 0.9000 P@7 0.9481 P@10 0.8952 P@12 0.8889 P@15 0.8952 P@17 0.8118 P@20 0.8222
Epoch 99/100 | Train Loss 0.0158 AP 0.8572 | Val Loss 0.0153 Top1 0.9845 AP 0.8972 | P@2 1.0000 P@3 0.9333 P@5 1.0000 P@7 0.9481 P@10 0.8905 P@12 0.9583 P@15 0.8476 P@17 0.8529 P@20 0.8389
Epoch 100/100 | Train Loss 0.0160 AP 0.8716 | Val Loss 0.0150 Top1 0.9777 AP 0.8933 | P@2 1.0000 P@3 0.9111 P@5 0.9000 P@7 0.9740 P@10 0.9238 P@12 0.8750 P@15 0.9048 P@17 0.8647 P@20 0.8389

Run Config
epochs=100
batch_size=64
lr=0.001
weight_decay=0.0001
margin=0.9
num_workers=0
train_path=data/train_trajectories.npy
test_path=data/test_trajectories.npy
device=cuda
model.feature_dim=6
model.hidden_dim=128
model.num_layers=2
model.conv_channels=32
model.embed_dim=32
model.dropout=0.1
--- end ---
