Epoch 1/100 | Train Loss 0.0832 AP 0.4478 | Val Loss 0.0583 AP 0.4665 | P@2 1.0000 P@3 0.7778 P@5 0.6500 P@7 0.7013 P@10 0.4952 P@12 0.4931 P@15 0.4000 P@17 0.2941 P@20 0.2944
Epoch 2/100 | Train Loss 0.0573 AP 0.4991 | Val Loss 0.0532 AP 0.5063 | P@2 0.6000 P@3 0.9111 P@5 0.7375 P@7 0.6753 P@10 0.5714 P@12 0.5000 P@15 0.4857 P@17 0.3706 P@20 0.2889
Epoch 3/100 | Train Loss 0.0500 AP 0.5964 | Val Loss 0.0420 AP 0.6518 | P@2 1.0000 P@3 0.8000 P@5 0.8500 P@7 0.7792 P@10 0.7095 P@12 0.6944 P@15 0.5714 P@17 0.5353 P@20 0.4889
Epoch 4/100 | Train Loss 0.0450 AP 0.6581 | Val Loss 0.0385 AP 0.7022 | P@2 1.0000 P@3 0.9111 P@5 0.9000 P@7 0.8182 P@10 0.7095 P@12 0.6181 P@15 0.6571 P@17 0.6294 P@20 0.6333
Epoch 5/100 | Train Loss 0.0429 AP 0.6741 | Val Loss 0.0382 AP 0.6964 | P@2 1.0000 P@3 0.8667 P@5 0.7875 P@7 0.7662 P@10 0.7190 P@12 0.7639 P@15 0.6762 P@17 0.6235 P@20 0.5500
Epoch 6/100 | Train Loss 0.0408 AP 0.6748 | Val Loss 0.0393 AP 0.7304 | P@2 1.0000 P@3 0.8444 P@5 0.9250 P@7 0.8831 P@10 0.7524 P@12 0.7708 P@15 0.6952 P@17 0.5824 P@20 0.6222
Epoch 7/100 | Train Loss 0.0375 AP 0.7218 | Val Loss 0.0335 AP 0.7391 | P@2 1.0000 P@3 0.9556 P@5 0.9375 P@7 0.8701 P@10 0.7905 P@12 0.7431 P@15 0.5905 P@17 0.6353 P@20 0.6333
Epoch 8/100 | Train Loss 0.0353 AP 0.7346 | Val Loss 0.0311 AP 0.7915 | P@2 1.0000 P@3 0.9556 P@5 0.9500 P@7 0.8961 P@10 0.8143 P@12 0.8403 P@15 0.6667 P@17 0.6882 P@20 0.7167
Epoch 9/100 | Train Loss 0.0341 AP 0.7410 | Val Loss 0.0322 AP 0.7682 | P@2 1.0000 P@3 0.9111 P@5 0.9250 P@7 0.8831 P@10 0.8095 P@12 0.7986 P@15 0.6762 P@17 0.6765 P@20 0.6556
Epoch 10/100 | Train Loss 0.0328 AP 0.7486 | Val Loss 0.0392 AP 0.7779 | P@2 1.0000 P@3 0.9111 P@5 0.9000 P@7 0.9481 P@10 0.8048 P@12 0.7153 P@15 0.7143 P@17 0.6588 P@20 0.7611
Epoch 11/100 | Train Loss 0.0321 AP 0.7865 | Val Loss 0.0270 AP 0.8215 | P@2 1.0000 P@3 1.0000 P@5 0.9500 P@7 0.8961 P@10 0.8619 P@12 0.8194 P@15 0.7238 P@17 0.7412 P@20 0.7556
Epoch 12/100 | Train Loss 0.0303 AP 0.7824 | Val Loss 0.0314 AP 0.8215 | P@2 1.0000 P@3 1.0000 P@5 0.9500 P@7 0.8442 P@10 0.8762 P@12 0.8125 P@15 0.7810 P@17 0.6353 P@20 0.8333
Epoch 13/100 | Train Loss 0.0303 AP 0.7695 | Val Loss 0.0275 AP 0.8157 | P@2 1.0000 P@3 1.0000 P@5 0.9500 P@7 0.9740 P@10 0.8381 P@12 0.8542 P@15 0.8000 P@17 0.6529 P@20 0.7278
Epoch 14/100 | Train Loss 0.0297 AP 0.7733 | Val Loss 0.0260 AP 0.8477 | P@2 1.0000 P@3 0.9556 P@5 0.9500 P@7 0.9740 P@10 0.8381 P@12 0.8264 P@15 0.8000 P@17 0.7529 P@20 0.8500
Epoch 15/100 | Train Loss 0.0286 AP 0.7715 | Val Loss 0.0315 AP 0.8303 | P@2 1.0000 P@3 0.9111 P@5 0.9500 P@7 0.8442 P@10 0.8524 P@12 0.8750 P@15 0.8000 P@17 0.7235 P@20 0.7889
Epoch 16/100 | Train Loss 0.0287 AP 0.7883 | Val Loss 0.0289 AP 0.8274 | P@2 1.0000 P@3 1.0000 P@5 0.9750 P@7 0.9221 P@10 0.8476 P@12 0.8264 P@15 0.7238 P@17 0.7353 P@20 0.7833
Epoch 17/100 | Train Loss 0.0282 AP 0.7920 | Val Loss 0.0277 AP 0.7953 | P@2 1.0000 P@3 0.9556 P@5 0.9000 P@7 0.8961 P@10 0.8143 P@12 0.7917 P@15 0.7238 P@17 0.6765 P@20 0.7778
Epoch 18/100 | Train Loss 0.0272 AP 0.7853 | Val Loss 0.0266 AP 0.8031 | P@2 1.0000 P@3 1.0000 P@5 0.9250 P@7 0.8701 P@10 0.8429 P@12 0.7153 P@15 0.7810 P@17 0.7235 P@20 0.7611
Epoch 19/100 | Train Loss 0.0271 AP 0.7862 | Val Loss 0.0248 AP 0.8448 | P@2 1.0000 P@3 0.8667 P@5 0.9500 P@7 0.9221 P@10 0.8857 P@12 0.8125 P@15 0.8000 P@17 0.7588 P@20 0.8278
Epoch 20/100 | Train Loss 0.0273 AP 0.7935 | Val Loss 0.0275 AP 0.8419 | P@2 1.0000 P@3 0.9556 P@5 0.9000 P@7 0.9221 P@10 0.8952 P@12 0.8681 P@15 0.7810 P@17 0.8059 P@20 0.7222
Epoch 21/100 | Train Loss 0.0265 AP 0.7920 | Val Loss 0.0287 AP 0.8206 | P@2 1.0000 P@3 0.9556 P@5 0.9250 P@7 0.8961 P@10 0.8524 P@12 0.7708 P@15 0.8190 P@17 0.7471 P@20 0.7611
Epoch 22/100 | Train Loss 0.0267 AP 0.8063 | Val Loss 0.0234 AP 0.8041 | P@2 1.0000 P@3 0.9556 P@5 0.9250 P@7 0.9221 P@10 0.8000 P@12 0.8194 P@15 0.7714 P@17 0.7294 P@20 0.7222
Epoch 23/100 | Train Loss 0.0261 AP 0.7855 | Val Loss 0.0269 AP 0.7886 | P@2 1.0000 P@3 0.9111 P@5 0.9000 P@7 0.8701 P@10 0.8429 P@12 0.7639 P@15 0.7524 P@17 0.6882 P@20 0.7222
Epoch 24/100 | Train Loss 0.0258 AP 0.7957 | Val Loss 0.0275 AP 0.8196 | P@2 1.0000 P@3 0.9556 P@5 0.9250 P@7 0.9481 P@10 0.8429 P@12 0.8472 P@15 0.8190 P@17 0.6647 P@20 0.7611
Epoch 25/100 | Train Loss 0.0264 AP 0.7891 | Val Loss 0.0269 AP 0.8254 | P@2 1.0000 P@3 0.9556 P@5 0.8750 P@7 0.9221 P@10 0.8857 P@12 0.8333 P@15 0.8095 P@17 0.7235 P@20 0.7389
Epoch 26/100 | Train Loss 0.0261 AP 0.7731 | Val Loss 0.0252 AP 0.8089 | P@2 1.0000 P@3 1.0000 P@5 0.9250 P@7 0.8701 P@10 0.8619 P@12 0.8125 P@15 0.7524 P@17 0.7059 P@20 0.7278
Epoch 27/100 | Train Loss 0.0257 AP 0.7965 | Val Loss 0.0241 AP 0.8167 | P@2 0.9000 P@3 0.9111 P@5 0.9125 P@7 0.9740 P@10 0.8571 P@12 0.7917 P@15 0.7524 P@17 0.7118 P@20 0.7833
Epoch 28/100 | Train Loss 0.0254 AP 0.8030 | Val Loss 0.0234 AP 0.8293 | P@2 1.0000 P@3 0.9556 P@5 0.8750 P@7 0.9221 P@10 0.8905 P@12 0.8542 P@15 0.7619 P@17 0.7176 P@20 0.7722
Epoch 29/100 | Train Loss 0.0251 AP 0.8009 | Val Loss 0.0242 AP 0.8409 | P@2 1.0000 P@3 0.9556 P@5 0.9000 P@7 0.9481 P@10 0.8476 P@12 0.8819 P@15 0.8381 P@17 0.7529 P@20 0.7667
Epoch 30/100 | Train Loss 0.0254 AP 0.7992 | Val Loss 0.0275 AP 0.7953 | P@2 0.9000 P@3 0.9111 P@5 0.9250 P@7 0.8442 P@10 0.8714 P@12 0.7569 P@15 0.7524 P@17 0.6941 P@20 0.7389
Epoch 31/100 | Train Loss 0.0247 AP 0.8021 | Val Loss 0.0324 AP 0.8031 | P@2 1.0000 P@3 0.9556 P@5 0.9250 P@7 0.9221 P@10 0.8048 P@12 0.8333 P@15 0.7048 P@17 0.7529 P@20 0.7167
Epoch 32/100 | Train Loss 0.0243 AP 0.8144 | Val Loss 0.0241 AP 0.8080 | P@2 1.0000 P@3 0.8889 P@5 0.9375 P@7 0.9221 P@10 0.7952 P@12 0.8264 P@15 0.7524 P@17 0.7294 P@20 0.7667
Epoch 33/100 | Train Loss 0.0246 AP 0.7995 | Val Loss 0.0258 AP 0.8157 | P@2 1.0000 P@3 0.9556 P@5 0.9000 P@7 0.8442 P@10 0.8619 P@12 0.8542 P@15 0.7810 P@17 0.7294 P@20 0.7278
Epoch 34/100 | Train Loss 0.0241 AP 0.8067 | Val Loss 0.0247 AP 0.8274 | P@2 0.9000 P@3 0.8667 P@5 0.9500 P@7 0.9740 P@10 0.8810 P@12 0.8333 P@15 0.7905 P@17 0.7529 P@20 0.7167
Epoch 35/100 | Train Loss 0.0245 AP 0.7990 | Val Loss 0.0246 AP 0.8293 | P@2 1.0000 P@3 0.9111 P@5 0.9750 P@7 0.8961 P@10 0.8429 P@12 0.8889 P@15 0.7714 P@17 0.7471 P@20 0.7444
Epoch 36/100 | Train Loss 0.0241 AP 0.8017 | Val Loss 0.0264 AP 0.8215 | P@2 1.0000 P@3 0.9556 P@5 0.9375 P@7 0.9221 P@10 0.8381 P@12 0.8542 P@15 0.8095 P@17 0.6941 P@20 0.7556
Epoch 37/100 | Train Loss 0.0239 AP 0.8050 | Val Loss 0.0244 AP 0.8206 | P@2 1.0000 P@3 0.8667 P@5 0.9500 P@7 0.9740 P@10 0.8381 P@12 0.8056 P@15 0.8381 P@17 0.7176 P@20 0.7444
Epoch 38/100 | Train Loss 0.0243 AP 0.8026 | Val Loss 0.0239 AP 0.8293 | P@2 0.9000 P@3 0.9556 P@5 0.9250 P@7 0.9481 P@10 0.8381 P@12 0.8611 P@15 0.8286 P@17 0.7118 P@20 0.7722
Epoch 39/100 | Train Loss 0.0235 AP 0.7996 | Val Loss 0.0245 AP 0.8060 | P@2 0.9000 P@3 0.9556 P@5 0.9000 P@7 0.8961 P@10 0.8667 P@12 0.8264 P@15 0.7619 P@17 0.6765 P@20 0.7389
Epoch 40/100 | Train Loss 0.0227 AP 0.8062 | Val Loss 0.0242 AP 0.8109 | P@2 1.0000 P@3 0.9111 P@5 0.9500 P@7 0.9221 P@10 0.8667 P@12 0.8681 P@15 0.8190 P@17 0.6000 P@20 0.7389
Epoch 41/100 | Train Loss 0.0234 AP 0.7972 | Val Loss 0.0254 AP 0.8215 | P@2 1.0000 P@3 0.9111 P@5 0.9250 P@7 0.9221 P@10 0.8667 P@12 0.8819 P@15 0.7048 P@17 0.6882 P@20 0.7833
Epoch 42/100 | Train Loss 0.0238 AP 0.8244 | Val Loss 0.0242 AP 0.8361 | P@2 1.0000 P@3 0.9111 P@5 0.8750 P@7 0.9481 P@10 0.8952 P@12 0.8264 P@15 0.8667 P@17 0.7235 P@20 0.7611
Epoch 43/100 | Train Loss 0.0233 AP 0.8247 | Val Loss 0.0235 AP 0.8196 | P@2 0.9000 P@3 0.9556 P@5 0.8875 P@7 0.8701 P@10 0.8714 P@12 0.8403 P@15 0.7905 P@17 0.7176 P@20 0.7611
Epoch 44/100 | Train Loss 0.0224 AP 0.8096 | Val Loss 0.0239 AP 0.8244 | P@2 1.0000 P@3 0.8667 P@5 0.9000 P@7 0.9221 P@10 0.8286 P@12 0.8472 P@15 0.8381 P@17 0.7000 P@20 0.8056
Epoch 45/100 | Train Loss 0.0230 AP 0.8117 | Val Loss 0.0241 AP 0.8215 | P@2 1.0000 P@3 0.9111 P@5 0.8875 P@7 0.9481 P@10 0.8762 P@12 0.8194 P@15 0.8000 P@17 0.7412 P@20 0.7222
Epoch 46/100 | Train Loss 0.0227 AP 0.8188 | Val Loss 0.0238 AP 0.8361 | P@2 1.0000 P@3 0.9111 P@5 0.9375 P@7 0.9481 P@10 0.8571 P@12 0.8125 P@15 0.8000 P@17 0.7941 P@20 0.7611
Epoch 47/100 | Train Loss 0.0224 AP 0.8316 | Val Loss 0.0219 AP 0.8254 | P@2 1.0000 P@3 0.8667 P@5 0.9000 P@7 0.8961 P@10 0.8476 P@12 0.9097 P@15 0.7810 P@17 0.7353 P@20 0.7500
Epoch 48/100 | Train Loss 0.0225 AP 0.8095 | Val Loss 0.0227 AP 0.8215 | P@2 1.0000 P@3 0.9556 P@5 0.9375 P@7 0.9221 P@10 0.8714 P@12 0.8403 P@15 0.7905 P@17 0.6941 P@20 0.7389
Epoch 49/100 | Train Loss 0.0227 AP 0.8354 | Val Loss 0.0240 AP 0.8283 | P@2 0.9000 P@3 0.7778 P@5 0.8750 P@7 0.9481 P@10 0.8857 P@12 0.8611 P@15 0.8381 P@17 0.7176 P@20 0.7667
Epoch 50/100 | Train Loss 0.0223 AP 0.8195 | Val Loss 0.0233 AP 0.8099 | P@2 0.9000 P@3 1.0000 P@5 0.8875 P@7 0.8961 P@10 0.8286 P@12 0.8333 P@15 0.7905 P@17 0.7176 P@20 0.7389
Epoch 51/100 | Train Loss 0.0229 AP 0.8268 | Val Loss 0.0227 AP 0.8254 | P@2 0.9000 P@3 0.9111 P@5 0.9500 P@7 0.9221 P@10 0.8381 P@12 0.8542 P@15 0.7714 P@17 0.7294 P@20 0.7833
Epoch 52/100 | Train Loss 0.0221 AP 0.8166 | Val Loss 0.0242 AP 0.8419 | P@2 1.0000 P@3 0.9333 P@5 0.9375 P@7 0.9740 P@10 0.8619 P@12 0.8750 P@15 0.8190 P@17 0.7235 P@20 0.7778
Epoch 53/100 | Train Loss 0.0223 AP 0.8296 | Val Loss 0.0238 AP 0.8225 | P@2 1.0000 P@3 0.9556 P@5 0.9625 P@7 0.8961 P@10 0.8667 P@12 0.8264 P@15 0.7810 P@17 0.7000 P@20 0.7611
Epoch 54/100 | Train Loss 0.0224 AP 0.8208 | Val Loss 0.0230 AP 0.8215 | P@2 1.0000 P@3 0.8222 P@5 0.8875 P@7 0.9221 P@10 0.8190 P@12 0.8750 P@15 0.8095 P@17 0.7235 P@20 0.7889
Epoch 55/100 | Train Loss 0.0221 AP 0.8301 | Val Loss 0.0217 AP 0.8458 | P@2 1.0000 P@3 0.9111 P@5 0.9375 P@7 0.9481 P@10 0.8714 P@12 0.9028 P@15 0.8000 P@17 0.7353 P@20 0.7833
Epoch 56/100 | Train Loss 0.0219 AP 0.8257 | Val Loss 0.0212 AP 0.8322 | P@2 0.9000 P@3 0.9556 P@5 0.9500 P@7 0.8961 P@10 0.8429 P@12 0.8542 P@15 0.8095 P@17 0.7235 P@20 0.8000
Epoch 57/100 | Train Loss 0.0222 AP 0.8143 | Val Loss 0.0232 AP 0.8080 | P@2 0.9000 P@3 0.9111 P@5 0.8875 P@7 0.9481 P@10 0.7905 P@12 0.8750 P@15 0.7143 P@17 0.7059 P@20 0.7944
Epoch 58/100 | Train Loss 0.0225 AP 0.8221 | Val Loss 0.0210 AP 0.8351 | P@2 0.9000 P@3 0.9556 P@5 0.9250 P@7 0.9481 P@10 0.8762 P@12 0.8403 P@15 0.8190 P@17 0.7706 P@20 0.7278
Epoch 59/100 | Train Loss 0.0220 AP 0.8136 | Val Loss 0.0238 AP 0.8312 | P@2 1.0000 P@3 0.9111 P@5 0.9750 P@7 0.9481 P@10 0.8333 P@12 0.8750 P@15 0.8000 P@17 0.7176 P@20 0.7667
Epoch 60/100 | Train Loss 0.0216 AP 0.8046 | Val Loss 0.0237 AP 0.8060 | P@2 1.0000 P@3 0.8667 P@5 0.9125 P@7 0.8961 P@10 0.8476 P@12 0.8264 P@15 0.7619 P@17 0.6882 P@20 0.7556
Epoch 61/100 | Train Loss 0.0215 AP 0.8247 | Val Loss 0.0210 AP 0.8080 | P@2 1.0000 P@3 0.9111 P@5 0.9125 P@7 0.8961 P@10 0.8524 P@12 0.7917 P@15 0.7905 P@17 0.6882 P@20 0.7611
Epoch 62/100 | Train Loss 0.0218 AP 0.8134 | Val Loss 0.0250 AP 0.8438 | P@2 0.9000 P@3 1.0000 P@5 0.9500 P@7 0.9091 P@10 0.8524 P@12 0.8819 P@15 0.7905 P@17 0.7529 P@20 0.8000
Epoch 63/100 | Train Loss 0.0214 AP 0.8306 | Val Loss 0.0235 AP 0.8361 | P@2 0.9000 P@3 0.9111 P@5 0.9125 P@7 0.9481 P@10 0.8381 P@12 0.8403 P@15 0.8667 P@17 0.7412 P@20 0.7944
Epoch 64/100 | Train Loss 0.0214 AP 0.8282 | Val Loss 0.0224 AP 0.8409 | P@2 1.0000 P@3 0.9111 P@5 0.9250 P@7 0.9221 P@10 0.8524 P@12 0.8681 P@15 0.7524 P@17 0.7765 P@20 0.8111
Epoch 65/100 | Train Loss 0.0212 AP 0.8354 | Val Loss 0.0203 AP 0.8371 | P@2 1.0000 P@3 0.9111 P@5 0.9125 P@7 0.9481 P@10 0.8857 P@12 0.8125 P@15 0.8762 P@17 0.7353 P@20 0.7556
Epoch 66/100 | Train Loss 0.0215 AP 0.8269 | Val Loss 0.0234 AP 0.8409 | P@2 1.0000 P@3 0.9556 P@5 0.9250 P@7 0.9481 P@10 0.8524 P@12 0.8611 P@15 0.8952 P@17 0.6824 P@20 0.8000
Epoch 67/100 | Train Loss 0.0214 AP 0.8262 | Val Loss 0.0226 AP 0.8293 | P@2 1.0000 P@3 0.8667 P@5 0.9375 P@7 0.8701 P@10 0.8524 P@12 0.8750 P@15 0.7524 P@17 0.7176 P@20 0.8222
Epoch 68/100 | Train Loss 0.0212 AP 0.8212 | Val Loss 0.0220 AP 0.8332 | P@2 1.0000 P@3 0.9556 P@5 0.8500 P@7 0.9740 P@10 0.8571 P@12 0.8750 P@15 0.7905 P@17 0.7294 P@20 0.7778
Epoch 69/100 | Train Loss 0.0214 AP 0.8159 | Val Loss 0.0223 AP 0.8254 | P@2 1.0000 P@3 0.7778 P@5 0.9250 P@7 0.9221 P@10 0.8048 P@12 0.8611 P@15 0.7524 P@17 0.8235 P@20 0.7722
Epoch 70/100 | Train Loss 0.0211 AP 0.8205 | Val Loss 0.0253 AP 0.8341 | P@2 0.9000 P@3 0.9111 P@5 0.9375 P@7 0.8961 P@10 0.8762 P@12 0.7986 P@15 0.8762 P@17 0.7588 P@20 0.7611
Epoch 71/100 | Train Loss 0.0210 AP 0.8249 | Val Loss 0.0242 AP 0.8312 | P@2 1.0000 P@3 1.0000 P@5 0.9250 P@7 0.8961 P@10 0.8619 P@12 0.8194 P@15 0.8286 P@17 0.7176 P@20 0.7833
Epoch 72/100 | Train Loss 0.0206 AP 0.8329 | Val Loss 0.0206 AP 0.8409 | P@2 1.0000 P@3 1.0000 P@5 0.9375 P@7 0.8961 P@10 0.8571 P@12 0.9236 P@15 0.7905 P@17 0.7294 P@20 0.7667
Epoch 73/100 | Train Loss 0.0205 AP 0.8250 | Val Loss 0.0225 AP 0.8283 | P@2 1.0000 P@3 0.9333 P@5 0.9500 P@7 0.9740 P@10 0.7714 P@12 0.7917 P@15 0.8571 P@17 0.7529 P@20 0.8167
Epoch 74/100 | Train Loss 0.0210 AP 0.8278 | Val Loss 0.0245 AP 0.8264 | P@2 1.0000 P@3 0.8889 P@5 0.9125 P@7 0.9221 P@10 0.8571 P@12 0.8542 P@15 0.7429 P@17 0.7471 P@20 0.7778
Epoch 75/100 | Train Loss 0.0209 AP 0.8218 | Val Loss 0.0231 AP 0.8070 | P@2 1.0000 P@3 0.9556 P@5 0.9125 P@7 0.8961 P@10 0.7905 P@12 0.8403 P@15 0.7905 P@17 0.6765 P@20 0.7889
Epoch 76/100 | Train Loss 0.0208 AP 0.8224 | Val Loss 0.0214 AP 0.8448 | P@2 1.0000 P@3 0.9333 P@5 0.9375 P@7 0.9481 P@10 0.8429 P@12 0.8819 P@15 0.8190 P@17 0.7588 P@20 0.7889
Epoch 77/100 | Train Loss 0.0206 AP 0.8248 | Val Loss 0.0219 AP 0.8322 | P@2 0.9000 P@3 0.9111 P@5 0.8875 P@7 1.0000 P@10 0.8381 P@12 0.8542 P@15 0.7619 P@17 0.7529 P@20 0.8000
Epoch 78/100 | Train Loss 0.0206 AP 0.8271 | Val Loss 0.0257 AP 0.8497 | P@2 1.0000 P@3 0.9556 P@5 0.9500 P@7 0.9481 P@10 0.8048 P@12 0.8542 P@15 0.9238 P@17 0.7706 P@20 0.8000
Epoch 79/100 | Train Loss 0.0206 AP 0.8395 | Val Loss 0.0212 AP 0.8438 | P@2 1.0000 P@3 0.9556 P@5 0.9750 P@7 0.9481 P@10 0.8524 P@12 0.9028 P@15 0.8571 P@17 0.7000 P@20 0.7667
Epoch 80/100 | Train Loss 0.0203 AP 0.8260 | Val Loss 0.0202 AP 0.8477 | P@2 1.0000 P@3 0.9333 P@5 0.9375 P@7 0.9221 P@10 0.8571 P@12 0.8681 P@15 0.8190 P@17 0.7471 P@20 0.8222
Epoch 81/100 | Train Loss 0.0206 AP 0.8327 | Val Loss 0.0200 AP 0.8603 | P@2 1.0000 P@3 1.0000 P@5 0.9375 P@7 0.9481 P@10 0.8952 P@12 0.8819 P@15 0.8952 P@17 0.7588 P@20 0.7556
Epoch 82/100 | Train Loss 0.0207 AP 0.8325 | Val Loss 0.0215 AP 0.8322 | P@2 1.0000 P@3 0.9556 P@5 0.9125 P@7 0.9481 P@10 0.8333 P@12 0.8750 P@15 0.8190 P@17 0.7118 P@20 0.7833
Epoch 83/100 | Train Loss 0.0212 AP 0.8238 | Val Loss 0.0210 AP 0.8400 | P@2 1.0000 P@3 0.9556 P@5 0.9125 P@7 0.8442 P@10 0.8524 P@12 0.9167 P@15 0.8095 P@17 0.7765 P@20 0.7611
Epoch 84/100 | Train Loss 0.0203 AP 0.8367 | Val Loss 0.0285 AP 0.8438 | P@2 1.0000 P@3 0.9556 P@5 0.9125 P@7 0.9740 P@10 0.8619 P@12 0.8333 P@15 0.9048 P@17 0.7529 P@20 0.7500
Epoch 85/100 | Train Loss 0.0203 AP 0.8354 | Val Loss 0.0199 AP 0.8749 | P@2 1.0000 P@3 0.9556 P@5 0.9375 P@7 0.9740 P@10 0.9048 P@12 0.8889 P@15 0.8000 P@17 0.8353 P@20 0.8056
Epoch 86/100 | Train Loss 0.0203 AP 0.8339 | Val Loss 0.0195 AP 0.8671 | P@2 1.0000 P@3 0.9556 P@5 0.9375 P@7 0.9481 P@10 0.8857 P@12 0.8264 P@15 0.8571 P@17 0.8118 P@20 0.8333
Epoch 87/100 | Train Loss 0.0198 AP 0.8381 | Val Loss 0.0223 AP 0.8400 | P@2 1.0000 P@3 1.0000 P@5 0.9625 P@7 0.8701 P@10 0.8476 P@12 0.8403 P@15 0.8286 P@17 0.7059 P@20 0.8389
Epoch 88/100 | Train Loss 0.0204 AP 0.8458 | Val Loss 0.0240 AP 0.8671 | P@2 1.0000 P@3 0.9556 P@5 0.9375 P@7 0.9481 P@10 0.8952 P@12 0.9028 P@15 0.8000 P@17 0.7882 P@20 0.8167
Epoch 89/100 | Train Loss 0.0201 AP 0.8196 | Val Loss 0.0218 AP 0.8390 | P@2 1.0000 P@3 0.8667 P@5 0.9125 P@7 0.9481 P@10 0.8571 P@12 0.8681 P@15 0.8190 P@17 0.7588 P@20 0.7778
Epoch 90/100 | Train Loss 0.0201 AP 0.8315 | Val Loss 0.0224 AP 0.8390 | P@2 1.0000 P@3 0.9111 P@5 0.9500 P@7 0.9740 P@10 0.8381 P@12 0.8125 P@15 0.7810 P@17 0.7412 P@20 0.8444
Epoch 91/100 | Train Loss 0.0202 AP 0.8283 | Val Loss 0.0212 AP 0.8603 | P@2 1.0000 P@3 0.9556 P@5 0.9000 P@7 0.9740 P@10 0.9048 P@12 0.8819 P@15 0.8667 P@17 0.7647 P@20 0.7722
Epoch 92/100 | Train Loss 0.0202 AP 0.8269 | Val Loss 0.0219 AP 0.8565 | P@2 1.0000 P@3 1.0000 P@5 0.9625 P@7 1.0000 P@10 0.8333 P@12 0.8542 P@15 0.8000 P@17 0.7706 P@20 0.8389
Epoch 93/100 | Train Loss 0.0201 AP 0.8470 | Val Loss 0.0203 AP 0.8545 | P@2 0.9000 P@3 0.9556 P@5 0.9500 P@7 0.9351 P@10 0.8810 P@12 0.8403 P@15 0.8762 P@17 0.7471 P@20 0.8167
Epoch 94/100 | Train Loss 0.0197 AP 0.8405 | Val Loss 0.0203 AP 0.8623 | P@2 1.0000 P@3 0.9333 P@5 0.9500 P@7 0.9481 P@10 0.8952 P@12 0.8611 P@15 0.7810 P@17 0.7824 P@20 0.8389
Epoch 95/100 | Train Loss 0.0197 AP 0.8438 | Val Loss 0.0196 AP 0.8419 | P@2 1.0000 P@3 0.8889 P@5 0.9250 P@7 0.9221 P@10 0.9000 P@12 0.8889 P@15 0.7714 P@17 0.7471 P@20 0.7667
Epoch 96/100 | Train Loss 0.0196 AP 0.8293 | Val Loss 0.0219 AP 0.8400 | P@2 1.0000 P@3 0.8444 P@5 0.9250 P@7 0.9221 P@10 0.8810 P@12 0.8750 P@15 0.8381 P@17 0.7000 P@20 0.8056
Epoch 97/100 | Train Loss 0.0204 AP 0.8405 | Val Loss 0.0205 AP 0.8303 | P@2 1.0000 P@3 0.9111 P@5 0.9125 P@7 0.9481 P@10 0.8571 P@12 0.8125 P@15 0.8286 P@17 0.7176 P@20 0.7944
Epoch 98/100 | Train Loss 0.0194 AP 0.8304 | Val Loss 0.0215 AP 0.8429 | P@2 1.0000 P@3 0.9111 P@5 0.9625 P@7 0.9221 P@10 0.8524 P@12 0.8750 P@15 0.8000 P@17 0.7529 P@20 0.7944
Epoch 99/100 | Train Loss 0.0197 AP 0.8398 | Val Loss 0.0229 AP 0.8351 | P@2 1.0000 P@3 0.9111 P@5 0.9625 P@7 0.9221 P@10 0.8048 P@12 0.8819 P@15 0.8571 P@17 0.7471 P@20 0.7722
Epoch 100/100 | Train Loss 0.0199 AP 0.8460 | Val Loss 0.0204 AP 0.8613 | P@2 1.0000 P@3 1.0000 P@5 0.9625 P@7 0.9351 P@10 0.8524 P@12 0.8819 P@15 0.8762 P@17 0.7471 P@20 0.8278

Run Config
epochs=100
batch_size=64
lr=0.001
weight_decay=0.0001
margin=0.95
num_workers=2
train_path=data/train_trajectories.npy
test_path=data/test_trajectories.npy
device=cuda
model.feature_dim=6
model.hidden_dim=128
model.num_layers=2
model.conv_channels=32
model.embed_dim=32
model.dropout=0.1
--- end ---
