Epoch 1/100 | Train Loss 0.1415 AP 0.6575 | Val Loss 0.1060 AP 0.6641 | P@2 0.9091 P@3 0.9080 P@5 0.9000 P@7 0.7952 P@10 0.6700 P@12 0.7024 P@15 0.5973 P@17 0.6078 P@20 0.5482
Epoch 2/100 | Train Loss 0.0915 AP 0.7747 | Val Loss 0.1027 AP 0.7739 | P@2 0.9545 P@3 0.9540 P@5 0.9250 P@7 0.8857 P@10 0.7700 P@12 0.7302 P@15 0.7040 P@17 0.7311 P@20 0.7000
Epoch 3/100 | Train Loss 0.0766 AP 0.7674 | Val Loss 0.0737 AP 0.7611 | P@2 0.9545 P@3 0.9080 P@5 0.9167 P@7 0.8714 P@10 0.7200 P@12 0.7421 P@15 0.7467 P@17 0.6751 P@20 0.6821
Epoch 4/100 | Train Loss 0.0710 AP 0.7886 | Val Loss 0.0701 AP 0.7898 | P@2 0.9545 P@3 0.9080 P@5 0.9500 P@7 0.9286 P@10 0.8450 P@12 0.8056 P@15 0.7920 P@17 0.7255 P@20 0.7036
Epoch 5/100 | Train Loss 0.0678 AP 0.7947 | Val Loss 0.0623 AP 0.7936 | P@2 1.0000 P@3 0.9540 P@5 1.0000 P@7 0.8619 P@10 0.8150 P@12 0.7341 P@15 0.7840 P@17 0.7787 P@20 0.7536
Epoch 6/100 | Train Loss 0.0649 AP 0.8151 | Val Loss 0.0568 AP 0.8097 | P@2 0.9545 P@3 0.9540 P@5 0.9667 P@7 0.9333 P@10 0.8600 P@12 0.8056 P@15 0.7627 P@17 0.7395 P@20 0.7804
Epoch 7/100 | Train Loss 0.0623 AP 0.8121 | Val Loss 0.0587 AP 0.8047 | P@2 0.9545 P@3 0.9770 P@5 0.9167 P@7 0.9381 P@10 0.8650 P@12 0.7778 P@15 0.8053 P@17 0.7395 P@20 0.7286
Epoch 8/100 | Train Loss 0.0606 AP 0.8197 | Val Loss 0.0550 AP 0.8216 | P@2 1.0000 P@3 0.9770 P@5 0.9500 P@7 0.9571 P@10 0.8400 P@12 0.7976 P@15 0.8080 P@17 0.7899 P@20 0.7982
Epoch 9/100 | Train Loss 0.0583 AP 0.8353 | Val Loss 0.0548 AP 0.8232 | P@2 1.0000 P@3 0.9310 P@5 0.9833 P@7 0.9429 P@10 0.7500 P@12 0.8135 P@15 0.8293 P@17 0.7871 P@20 0.7375
Epoch 10/100 | Train Loss 0.0572 AP 0.8438 | Val Loss 0.0515 AP 0.8399 | P@2 1.0000 P@3 0.9310 P@5 0.9833 P@7 0.9143 P@10 0.8200 P@12 0.7778 P@15 0.8667 P@17 0.7899 P@20 0.7929
Epoch 11/100 | Train Loss 0.0559 AP 0.8616 | Val Loss 0.0490 AP 0.8622 | P@2 1.0000 P@3 0.9540 P@5 0.9833 P@7 0.9524 P@10 0.8250 P@12 0.8373 P@15 0.8347 P@17 0.8067 P@20 0.8054
Epoch 12/100 | Train Loss 0.0544 AP 0.8509 | Val Loss 0.0486 AP 0.8484 | P@2 1.0000 P@3 0.9770 P@5 1.0000 P@7 0.9524 P@10 0.8350 P@12 0.8651 P@15 0.8133 P@17 0.8347 P@20 0.7750
Epoch 13/100 | Train Loss 0.0541 AP 0.8517 | Val Loss 0.0490 AP 0.8568 | P@2 1.0000 P@3 0.9770 P@5 0.9167 P@7 0.9381 P@10 0.8950 P@12 0.8254 P@15 0.8533 P@17 0.8431 P@20 0.8125
Epoch 14/100 | Train Loss 0.0526 AP 0.8501 | Val Loss 0.0474 AP 0.8540 | P@2 1.0000 P@3 0.9770 P@5 0.9833 P@7 0.9190 P@10 0.8850 P@12 0.8373 P@15 0.7867 P@17 0.8263 P@20 0.8304
Epoch 15/100 | Train Loss 0.0520 AP 0.8354 | Val Loss 0.0505 AP 0.8198 | P@2 1.0000 P@3 0.9310 P@5 0.9500 P@7 0.8952 P@10 0.8100 P@12 0.8135 P@15 0.7573 P@17 0.7899 P@20 0.7625
Epoch 16/100 | Train Loss 0.0511 AP 0.8693 | Val Loss 0.0440 AP 0.8697 | P@2 0.9545 P@3 0.9540 P@5 0.9667 P@7 0.9286 P@10 0.8400 P@12 0.8492 P@15 0.8160 P@17 0.8739 P@20 0.8268
Epoch 17/100 | Train Loss 0.0505 AP 0.8520 | Val Loss 0.0614 AP 0.8558 | P@2 1.0000 P@3 0.9310 P@5 1.0000 P@7 0.9000 P@10 0.8600 P@12 0.8095 P@15 0.8267 P@17 0.8011 P@20 0.8393
Epoch 18/100 | Train Loss 0.0501 AP 0.8729 | Val Loss 0.0465 AP 0.8837 | P@2 0.9545 P@3 0.9770 P@5 1.0000 P@7 0.9571 P@10 0.8700 P@12 0.8611 P@15 0.8667 P@17 0.8796 P@20 0.8268
Epoch 19/100 | Train Loss 0.0498 AP 0.8684 | Val Loss 0.0444 AP 0.8699 | P@2 1.0000 P@3 0.9310 P@5 0.9667 P@7 0.9333 P@10 0.8550 P@12 0.8294 P@15 0.8293 P@17 0.8375 P@20 0.8071
Epoch 20/100 | Train Loss 0.0489 AP 0.8748 | Val Loss 0.0430 AP 0.8765 | P@2 1.0000 P@3 0.9540 P@5 0.9833 P@7 0.9476 P@10 0.8800 P@12 0.8770 P@15 0.8427 P@17 0.8347 P@20 0.8411
Epoch 21/100 | Train Loss 0.0489 AP 0.8701 | Val Loss 0.0442 AP 0.8638 | P@2 1.0000 P@3 1.0000 P@5 0.9500 P@7 0.9238 P@10 0.8100 P@12 0.8373 P@15 0.8133 P@17 0.8151 P@20 0.8179
Epoch 22/100 | Train Loss 0.0486 AP 0.8599 | Val Loss 0.0482 AP 0.8550 | P@2 1.0000 P@3 0.9540 P@5 0.9333 P@7 0.9381 P@10 0.9150 P@12 0.8214 P@15 0.8293 P@17 0.8599 P@20 0.8089
Epoch 23/100 | Train Loss 0.0484 AP 0.8832 | Val Loss 0.0486 AP 0.8781 | P@2 1.0000 P@3 0.9540 P@5 0.9667 P@7 0.9238 P@10 0.8800 P@12 0.8968 P@15 0.8453 P@17 0.8543 P@20 0.8339
Epoch 24/100 | Train Loss 0.0480 AP 0.8868 | Val Loss 0.0426 AP 0.8922 | P@2 1.0000 P@3 0.9540 P@5 0.9667 P@7 0.9190 P@10 0.8800 P@12 0.8492 P@15 0.8853 P@17 0.8571 P@20 0.8804
Epoch 25/100 | Train Loss 0.0475 AP 0.8799 | Val Loss 0.0409 AP 0.8793 | P@2 1.0000 P@3 0.9770 P@5 0.9333 P@7 0.9667 P@10 0.8900 P@12 0.8571 P@15 0.7867 P@17 0.8291 P@20 0.8482
Epoch 26/100 | Train Loss 0.0473 AP 0.8783 | Val Loss 0.0437 AP 0.8874 | P@2 1.0000 P@3 0.9770 P@5 0.9833 P@7 0.9095 P@10 0.8600 P@12 0.8929 P@15 0.8507 P@17 0.9132 P@20 0.8643
Epoch 27/100 | Train Loss 0.0474 AP 0.8813 | Val Loss 0.0423 AP 0.8693 | P@2 0.9545 P@3 0.9540 P@5 1.0000 P@7 0.9429 P@10 0.9000 P@12 0.8294 P@15 0.8480 P@17 0.8487 P@20 0.8107
Epoch 28/100 | Train Loss 0.0460 AP 0.8816 | Val Loss 0.0414 AP 0.8751 | P@2 1.0000 P@3 0.9540 P@5 0.9833 P@7 0.9286 P@10 0.9050 P@12 0.8214 P@15 0.8560 P@17 0.8543 P@20 0.8500
Epoch 29/100 | Train Loss 0.0462 AP 0.8846 | Val Loss 0.0414 AP 0.8777 | P@2 1.0000 P@3 0.9770 P@5 0.9833 P@7 0.9190 P@10 0.8950 P@12 0.8373 P@15 0.8560 P@17 0.8627 P@20 0.8482
Epoch 30/100 | Train Loss 0.0459 AP 0.8777 | Val Loss 0.0412 AP 0.8783 | P@2 1.0000 P@3 0.9310 P@5 0.9500 P@7 0.9095 P@10 0.8500 P@12 0.8690 P@15 0.8667 P@17 0.8291 P@20 0.8518
Epoch 31/100 | Train Loss 0.0455 AP 0.8711 | Val Loss 0.0429 AP 0.8552 | P@2 1.0000 P@3 0.9770 P@5 0.9500 P@7 0.9476 P@10 0.8550 P@12 0.8254 P@15 0.8400 P@17 0.8599 P@20 0.8036
Epoch 32/100 | Train Loss 0.0453 AP 0.8785 | Val Loss 0.0474 AP 0.8781 | P@2 1.0000 P@3 0.9310 P@5 0.9667 P@7 0.9524 P@10 0.8850 P@12 0.8532 P@15 0.8747 P@17 0.8459 P@20 0.8304
Epoch 33/100 | Train Loss 0.0450 AP 0.8985 | Val Loss 0.0364 AP 0.9097 | P@2 1.0000 P@3 0.9310 P@5 1.0000 P@7 0.9619 P@10 0.9250 P@12 0.9167 P@15 0.9013 P@17 0.8936 P@20 0.8714
Epoch 34/100 | Train Loss 0.0451 AP 0.8875 | Val Loss 0.0408 AP 0.8886 | P@2 1.0000 P@3 0.9770 P@5 0.9833 P@7 0.9381 P@10 0.8650 P@12 0.8651 P@15 0.8613 P@17 0.8487 P@20 0.8339
Epoch 35/100 | Train Loss 0.0447 AP 0.8867 | Val Loss 0.0650 AP 0.8894 | P@2 1.0000 P@3 0.9770 P@5 0.9667 P@7 0.9381 P@10 0.9000 P@12 0.8929 P@15 0.8453 P@17 0.8711 P@20 0.8321
Epoch 36/100 | Train Loss 0.0450 AP 0.9023 | Val Loss 0.0353 AP 0.9053 | P@2 0.9545 P@3 0.9540 P@5 0.9667 P@7 0.9429 P@10 0.9400 P@12 0.8651 P@15 0.9040 P@17 0.9048 P@20 0.8839
Epoch 37/100 | Train Loss 0.0444 AP 0.8929 | Val Loss 0.0375 AP 0.8976 | P@2 1.0000 P@3 0.9770 P@5 0.9667 P@7 0.9524 P@10 0.8750 P@12 0.8492 P@15 0.9093 P@17 0.8768 P@20 0.8696
Epoch 38/100 | Train Loss 0.0448 AP 0.8866 | Val Loss 0.0422 AP 0.8876 | P@2 1.0000 P@3 0.9310 P@5 1.0000 P@7 0.9429 P@10 0.8850 P@12 0.8452 P@15 0.8693 P@17 0.8403 P@20 0.8625
Epoch 39/100 | Train Loss 0.0449 AP 0.8846 | Val Loss 0.0410 AP 0.8882 | P@2 1.0000 P@3 0.9770 P@5 0.9833 P@7 0.9524 P@10 0.8850 P@12 0.8849 P@15 0.8293 P@17 0.8599 P@20 0.8482
Epoch 40/100 | Train Loss 0.0441 AP 0.9005 | Val Loss 0.0355 AP 0.8922 | P@2 1.0000 P@3 0.9770 P@5 0.9667 P@7 0.9524 P@10 0.8600 P@12 0.8968 P@15 0.8533 P@17 0.8459 P@20 0.8536
Epoch 41/100 | Train Loss 0.0443 AP 0.8958 | Val Loss 0.0381 AP 0.8930 | P@2 1.0000 P@3 1.0000 P@5 1.0000 P@7 0.9333 P@10 0.9000 P@12 0.8651 P@15 0.8853 P@17 0.8768 P@20 0.8643
Epoch 42/100 | Train Loss 0.0444 AP 0.8938 | Val Loss 0.0385 AP 0.8908 | P@2 1.0000 P@3 0.9770 P@5 0.9833 P@7 0.9524 P@10 0.8800 P@12 0.8690 P@15 0.8560 P@17 0.8319 P@20 0.8554
Epoch 43/100 | Train Loss 0.0441 AP 0.8953 | Val Loss 0.0377 AP 0.8944 | P@2 0.9545 P@3 1.0000 P@5 0.9667 P@7 0.9429 P@10 0.8800 P@12 0.8929 P@15 0.9093 P@17 0.8207 P@20 0.8500
Epoch 44/100 | Train Loss 0.0445 AP 0.8922 | Val Loss 0.0440 AP 0.8924 | P@2 1.0000 P@3 0.9540 P@5 0.9667 P@7 0.9524 P@10 0.8700 P@12 0.8492 P@15 0.8933 P@17 0.8515 P@20 0.8679
Epoch 45/100 | Train Loss 0.0437 AP 0.9158 | Val Loss 0.0360 AP 0.9212 | P@2 1.0000 P@3 1.0000 P@5 1.0000 P@7 0.9524 P@10 0.9400 P@12 0.9524 P@15 0.8933 P@17 0.8936 P@20 0.8768
Epoch 46/100 | Train Loss 0.0440 AP 0.9025 | Val Loss 0.0400 AP 0.8948 | P@2 1.0000 P@3 0.9770 P@5 0.9833 P@7 0.9619 P@10 0.8950 P@12 0.8810 P@15 0.8613 P@17 0.8627 P@20 0.8679
Epoch 47/100 | Train Loss 0.0440 AP 0.8946 | Val Loss 0.0422 AP 0.8827 | P@2 1.0000 P@3 0.9770 P@5 0.9833 P@7 0.9429 P@10 0.8900 P@12 0.8849 P@15 0.8667 P@17 0.8571 P@20 0.8500
Epoch 48/100 | Train Loss 0.0441 AP 0.8935 | Val Loss 0.0402 AP 0.8872 | P@2 1.0000 P@3 1.0000 P@5 0.9500 P@7 0.8952 P@10 0.8400 P@12 0.8294 P@15 0.8747 P@17 0.8487 P@20 0.8696
Epoch 49/100 | Train Loss 0.0438 AP 0.9033 | Val Loss 0.0350 AP 0.8990 | P@2 1.0000 P@3 0.9770 P@5 0.9667 P@7 0.9667 P@10 0.9300 P@12 0.8730 P@15 0.8747 P@17 0.8599 P@20 0.8732
Epoch 50/100 | Train Loss 0.0441 AP 0.8954 | Val Loss 0.0379 AP 0.8946 | P@2 0.9545 P@3 0.9540 P@5 0.9833 P@7 0.9333 P@10 0.8750 P@12 0.8730 P@15 0.9253 P@17 0.8683 P@20 0.8411
Epoch 51/100 | Train Loss 0.0437 AP 0.8884 | Val Loss 0.0379 AP 0.9018 | P@2 0.9545 P@3 0.9770 P@5 0.9667 P@7 0.9143 P@10 0.9100 P@12 0.8929 P@15 0.9067 P@17 0.8964 P@20 0.8464
Epoch 52/100 | Train Loss 0.0438 AP 0.9017 | Val Loss 0.0410 AP 0.8956 | P@2 1.0000 P@3 0.9310 P@5 0.9667 P@7 0.9524 P@10 0.9000 P@12 0.8571 P@15 0.9333 P@17 0.8711 P@20 0.8536
Epoch 53/100 | Train Loss 0.0433 AP 0.8796 | Val Loss 0.0389 AP 0.8703 | P@2 1.0000 P@3 1.0000 P@5 0.9833 P@7 0.9286 P@10 0.8650 P@12 0.8294 P@15 0.8267 P@17 0.8543 P@20 0.8429
Epoch 54/100 | Train Loss 0.0451 AP 0.9006 | Val Loss 0.0375 AP 0.9033 | P@2 1.0000 P@3 1.0000 P@5 0.9833 P@7 0.9571 P@10 0.9250 P@12 0.8730 P@15 0.8613 P@17 0.8796 P@20 0.8679
Epoch 55/100 | Train Loss 0.0428 AP 0.9009 | Val Loss 0.0376 AP 0.9006 | P@2 1.0000 P@3 0.9770 P@5 0.9667 P@7 0.9714 P@10 0.8600 P@12 0.8690 P@15 0.8907 P@17 0.8683 P@20 0.8750
Epoch 56/100 | Train Loss 0.0432 AP 0.9040 | Val Loss 0.0371 AP 0.8982 | P@2 1.0000 P@3 0.9770 P@5 0.9833 P@7 0.9143 P@10 0.8700 P@12 0.8730 P@15 0.8693 P@17 0.8768 P@20 0.8518
Epoch 57/100 | Train Loss 0.0430 AP 0.8842 | Val Loss 0.0434 AP 0.8890 | P@2 1.0000 P@3 1.0000 P@5 0.9833 P@7 0.9000 P@10 0.9000 P@12 0.8492 P@15 0.8667 P@17 0.8599 P@20 0.8339
Epoch 58/100 | Train Loss 0.0429 AP 0.9060 | Val Loss 0.0369 AP 0.9057 | P@2 1.0000 P@3 0.9770 P@5 0.9833 P@7 0.9524 P@10 0.9050 P@12 0.9325 P@15 0.8987 P@17 0.8599 P@20 0.8911
Epoch 59/100 | Train Loss 0.0432 AP 0.8967 | Val Loss 0.0374 AP 0.8996 | P@2 1.0000 P@3 0.9540 P@5 1.0000 P@7 0.9810 P@10 0.9100 P@12 0.8810 P@15 0.8880 P@17 0.8487 P@20 0.8625
Epoch 60/100 | Train Loss 0.0428 AP 0.8918 | Val Loss 0.0385 AP 0.8839 | P@2 1.0000 P@3 0.9080 P@5 0.9500 P@7 0.9619 P@10 0.8550 P@12 0.8889 P@15 0.8587 P@17 0.8263 P@20 0.8643
Epoch 61/100 | Train Loss 0.0433 AP 0.8890 | Val Loss 0.0397 AP 0.8882 | P@2 1.0000 P@3 0.9540 P@5 0.9667 P@7 0.9524 P@10 0.9100 P@12 0.8611 P@15 0.8987 P@17 0.8627 P@20 0.8911
Epoch 62/100 | Train Loss 0.0426 AP 0.9071 | Val Loss 0.0374 AP 0.9079 | P@2 1.0000 P@3 0.9770 P@5 0.9833 P@7 0.9333 P@10 0.9300 P@12 0.9246 P@15 0.9120 P@17 0.9104 P@20 0.8964
Epoch 63/100 | Train Loss 0.0429 AP 0.9058 | Val Loss 0.0358 AP 0.9045 | P@2 1.0000 P@3 0.9770 P@5 1.0000 P@7 0.9524 P@10 0.8850 P@12 0.9048 P@15 0.8880 P@17 0.8936 P@20 0.8518
Epoch 64/100 | Train Loss 0.0431 AP 0.8892 | Val Loss 0.0374 AP 0.8864 | P@2 1.0000 P@3 0.9770 P@5 1.0000 P@7 0.9333 P@10 0.8850 P@12 0.8571 P@15 0.8747 P@17 0.8571 P@20 0.8518
Epoch 65/100 | Train Loss 0.0424 AP 0.8636 | Val Loss 0.0461 AP 0.8677 | P@2 1.0000 P@3 0.9540 P@5 0.9667 P@7 0.8905 P@10 0.9100 P@12 0.8016 P@15 0.8640 P@17 0.8151 P@20 0.8125
Epoch 66/100 | Train Loss 0.0419 AP 0.8977 | Val Loss 0.0372 AP 0.9073 | P@2 1.0000 P@3 1.0000 P@5 0.9833 P@7 0.9524 P@10 0.8950 P@12 0.8968 P@15 0.9307 P@17 0.8375 P@20 0.8786
Epoch 67/100 | Train Loss 0.0422 AP 0.9059 | Val Loss 0.0412 AP 0.8990 | P@2 1.0000 P@3 0.9540 P@5 0.9833 P@7 0.9333 P@10 0.9250 P@12 0.9325 P@15 0.8720 P@17 0.8796 P@20 0.8696
Epoch 68/100 | Train Loss 0.0424 AP 0.8967 | Val Loss 0.0367 AP 0.9010 | P@2 0.9545 P@3 1.0000 P@5 1.0000 P@7 0.9333 P@10 0.9100 P@12 0.8849 P@15 0.8987 P@17 0.8992 P@20 0.8536
Epoch 69/100 | Train Loss 0.0422 AP 0.9235 | Val Loss 0.0441 AP 0.9222 | P@2 1.0000 P@3 0.9770 P@5 1.0000 P@7 0.9619 P@10 0.9250 P@12 0.9206 P@15 0.9120 P@17 0.9020 P@20 0.9089
Epoch 70/100 | Train Loss 0.0425 AP 0.8630 | Val Loss 0.0421 AP 0.8590 | P@2 1.0000 P@3 0.9080 P@5 0.9667 P@7 0.9190 P@10 0.8500 P@12 0.8889 P@15 0.8213 P@17 0.8151 P@20 0.8000
Epoch 71/100 | Train Loss 0.0428 AP 0.8710 | Val Loss 0.0438 AP 0.8665 | P@2 1.0000 P@3 0.9310 P@5 1.0000 P@7 0.9143 P@10 0.9100 P@12 0.8810 P@15 0.8347 P@17 0.8599 P@20 0.8393
Epoch 72/100 | Train Loss 0.0424 AP 0.8902 | Val Loss 0.0383 AP 0.8936 | P@2 1.0000 P@3 0.9770 P@5 0.9833 P@7 0.9714 P@10 0.8850 P@12 0.8690 P@15 0.8720 P@17 0.8571 P@20 0.8357
Epoch 73/100 | Train Loss 0.0427 AP 0.8884 | Val Loss 0.0443 AP 0.8910 | P@2 1.0000 P@3 0.9540 P@5 0.9833 P@7 0.9190 P@10 0.8850 P@12 0.8730 P@15 0.9093 P@17 0.8711 P@20 0.8446
Epoch 74/100 | Train Loss 0.0421 AP 0.8977 | Val Loss 0.0369 AP 0.8996 | P@2 1.0000 P@3 0.9540 P@5 0.9833 P@7 0.9476 P@10 0.8950 P@12 0.8452 P@15 0.8693 P@17 0.8459 P@20 0.8696
Epoch 75/100 | Train Loss 0.0420 AP 0.8903 | Val Loss 0.0375 AP 0.8978 | P@2 1.0000 P@3 0.9770 P@5 1.0000 P@7 0.9524 P@10 0.9300 P@12 0.9167 P@15 0.8773 P@17 0.8711 P@20 0.8679
Epoch 76/100 | Train Loss 0.0422 AP 0.9008 | Val Loss 0.0361 AP 0.9010 | P@2 1.0000 P@3 0.9540 P@5 1.0000 P@7 0.9619 P@10 0.8800 P@12 0.8849 P@15 0.8933 P@17 0.8543 P@20 0.8625
Epoch 77/100 | Train Loss 0.0422 AP 0.9051 | Val Loss 0.0351 AP 0.9019 | P@2 1.0000 P@3 0.9770 P@5 1.0000 P@7 0.9381 P@10 0.9000 P@12 0.9087 P@15 0.8907 P@17 0.8543 P@20 0.8518
Epoch 78/100 | Train Loss 0.0426 AP 0.8954 | Val Loss 0.0366 AP 0.8932 | P@2 1.0000 P@3 0.9540 P@5 0.9667 P@7 0.9238 P@10 0.9050 P@12 0.8889 P@15 0.8827 P@17 0.8487 P@20 0.8607
Epoch 79/100 | Train Loss 0.0425 AP 0.9142 | Val Loss 0.0345 AP 0.9155 | P@2 1.0000 P@3 1.0000 P@5 1.0000 P@7 0.9429 P@10 0.9050 P@12 0.9206 P@15 0.8880 P@17 0.8768 P@20 0.8643
Epoch 80/100 | Train Loss 0.0418 AP 0.9089 | Val Loss 0.0381 AP 0.9079 | P@2 1.0000 P@3 0.9540 P@5 0.9833 P@7 0.9619 P@10 0.9200 P@12 0.8651 P@15 0.9040 P@17 0.8908 P@20 0.8857
Epoch 81/100 | Train Loss 0.0421 AP 0.8995 | Val Loss 0.0358 AP 0.9031 | P@2 1.0000 P@3 0.9770 P@5 0.9500 P@7 0.9333 P@10 0.8850 P@12 0.9008 P@15 0.8800 P@17 0.8796 P@20 0.8804
Epoch 82/100 | Train Loss 0.0419 AP 0.9018 | Val Loss 0.0347 AP 0.9027 | P@2 1.0000 P@3 1.0000 P@5 1.0000 P@7 0.9286 P@10 0.9200 P@12 0.9246 P@15 0.8693 P@17 0.8515 P@20 0.8679
Epoch 83/100 | Train Loss 0.0428 AP 0.9095 | Val Loss 0.0441 AP 0.9157 | P@2 1.0000 P@3 1.0000 P@5 1.0000 P@7 0.9810 P@10 0.8700 P@12 0.8730 P@15 0.8880 P@17 0.8936 P@20 0.8982
Epoch 84/100 | Train Loss 0.0418 AP 0.8943 | Val Loss 0.0384 AP 0.8996 | P@2 1.0000 P@3 1.0000 P@5 0.9667 P@7 0.9524 P@10 0.8550 P@12 0.9127 P@15 0.8720 P@17 0.9188 P@20 0.8607
Epoch 85/100 | Train Loss 0.0429 AP 0.8935 | Val Loss 0.0408 AP 0.8902 | P@2 1.0000 P@3 0.9310 P@5 0.9833 P@7 0.9524 P@10 0.8800 P@12 0.8532 P@15 0.8827 P@17 0.8768 P@20 0.8464
Epoch 86/100 | Train Loss 0.0423 AP 0.8944 | Val Loss 0.0374 AP 0.8904 | P@2 1.0000 P@3 0.9080 P@5 1.0000 P@7 0.9429 P@10 0.8900 P@12 0.8929 P@15 0.8453 P@17 0.8543 P@20 0.8375
Epoch 87/100 | Train Loss 0.0417 AP 0.8930 | Val Loss 0.0365 AP 0.8974 | P@2 1.0000 P@3 0.9770 P@5 0.9833 P@7 0.9810 P@10 0.9100 P@12 0.9206 P@15 0.8907 P@17 0.8964 P@20 0.8554
Epoch 88/100 | Train Loss 0.0417 AP 0.8874 | Val Loss 0.0415 AP 0.8856 | P@2 1.0000 P@3 0.9080 P@5 0.9833 P@7 0.9238 P@10 0.9400 P@12 0.9008 P@15 0.8640 P@17 0.8655 P@20 0.8482
Epoch 89/100 | Train Loss 0.0419 AP 0.9037 | Val Loss 0.0428 AP 0.9029 | P@2 1.0000 P@3 0.9540 P@5 0.9500 P@7 0.9238 P@10 0.9050 P@12 0.8651 P@15 0.9120 P@17 0.8880 P@20 0.8768
Epoch 90/100 | Train Loss 0.0422 AP 0.8995 | Val Loss 0.0374 AP 0.8990 | P@2 1.0000 P@3 1.0000 P@5 0.9667 P@7 0.9571 P@10 0.8850 P@12 0.9048 P@15 0.9147 P@17 0.8711 P@20 0.8482
Epoch 91/100 | Train Loss 0.0422 AP 0.9064 | Val Loss 0.0369 AP 0.9075 | P@2 1.0000 P@3 0.9770 P@5 0.9667 P@7 0.9714 P@10 0.8900 P@12 0.9246 P@15 0.8987 P@17 0.8880 P@20 0.8929
Epoch 92/100 | Train Loss 0.0420 AP 0.8904 | Val Loss 0.0389 AP 0.8866 | P@2 1.0000 P@3 0.9540 P@5 0.9833 P@7 0.9619 P@10 0.8400 P@12 0.8611 P@15 0.8693 P@17 0.8515 P@20 0.8768
Epoch 93/100 | Train Loss 0.0419 AP 0.9019 | Val Loss 0.0385 AP 0.9083 | P@2 1.0000 P@3 0.9540 P@5 1.0000 P@7 0.9381 P@10 0.8950 P@12 0.9127 P@15 0.8853 P@17 0.8655 P@20 0.8696
Epoch 94/100 | Train Loss 0.0420 AP 0.9120 | Val Loss 0.0372 AP 0.9127 | P@2 1.0000 P@3 0.9080 P@5 1.0000 P@7 0.9429 P@10 0.9250 P@12 0.9048 P@15 0.8933 P@17 0.9160 P@20 0.8768
Epoch 95/100 | Train Loss 0.0418 AP 0.9027 | Val Loss 0.0364 AP 0.8960 | P@2 1.0000 P@3 1.0000 P@5 0.9667 P@7 0.9571 P@10 0.8750 P@12 0.9008 P@15 0.8480 P@17 0.8655 P@20 0.8786
Epoch 96/100 | Train Loss 0.0418 AP 0.9066 | Val Loss 0.0360 AP 0.9012 | P@2 1.0000 P@3 0.9770 P@5 1.0000 P@7 0.9524 P@10 0.9000 P@12 0.8929 P@15 0.9013 P@17 0.8543 P@20 0.8661
Epoch 97/100 | Train Loss 0.0418 AP 0.9090 | Val Loss 0.0357 AP 0.9153 | P@2 1.0000 P@3 0.9770 P@5 1.0000 P@7 0.9333 P@10 0.9000 P@12 0.9365 P@15 0.9413 P@17 0.8992 P@20 0.8929
Epoch 98/100 | Train Loss 0.0415 AP 0.9062 | Val Loss 0.0353 AP 0.9033 | P@2 1.0000 P@3 0.9770 P@5 0.9833 P@7 0.9619 P@10 0.8600 P@12 0.9127 P@15 0.9253 P@17 0.8459 P@20 0.8821
Epoch 99/100 | Train Loss 0.0424 AP 0.8844 | Val Loss 0.0535 AP 0.8858 | P@2 1.0000 P@3 0.9310 P@5 0.9667 P@7 0.9714 P@10 0.8350 P@12 0.8690 P@15 0.8800 P@17 0.8459 P@20 0.8804
Epoch 100/100 | Train Loss 0.0417 AP 0.9241 | Val Loss 0.0329 AP 0.9278 | P@2 1.0000 P@3 0.9770 P@5 1.0000 P@7 0.9429 P@10 0.8550 P@12 0.9127 P@15 0.9547 P@17 0.8964 P@20 0.9018

Run Config
epochs=100
batch_size=64
lr=0.001
weight_decay=0.0001
margin=1.5
num_workers=2
train_path=data/train_trajectories.npy
test_path=data/test_trajectories.npy
device=cuda
model.feature_dim=6
model.hidden_dim=128
model.num_layers=2
model.conv_channels=32
model.embed_dim=32
model.dropout=0.1
--- end ---
