Epoch 1/100 | Train Loss 0.1567 AP 0.4211 | Val Loss 0.1160 AP 0.4859 | P@2 1.0000 P@3 0.8667 P@5 0.6750 P@7 0.7662 P@10 0.4857 P@12 0.4236 P@15 0.4476 P@17 0.4353 P@20 0.2500
Epoch 2/100 | Train Loss 0.1127 AP 0.5247 | Val Loss 0.0934 AP 0.5742 | P@2 0.9000 P@3 0.7778 P@5 0.8375 P@7 0.7922 P@10 0.6429 P@12 0.6458 P@15 0.4000 P@17 0.3824 P@20 0.4222
Epoch 3/100 | Train Loss 0.1001 AP 0.5609 | Val Loss 0.0912 AP 0.6081 | P@2 1.0000 P@3 0.8222 P@5 0.8000 P@7 0.7143 P@10 0.7048 P@12 0.6875 P@15 0.4381 P@17 0.4706 P@20 0.4333
Epoch 4/100 | Train Loss 0.0909 AP 0.5694 | Val Loss 0.0891 AP 0.5897 | P@2 0.9000 P@3 0.8222 P@5 0.7750 P@7 0.7922 P@10 0.6190 P@12 0.5972 P@15 0.5905 P@17 0.3882 P@20 0.4778
Epoch 5/100 | Train Loss 0.0863 AP 0.6297 | Val Loss 0.0793 AP 0.6440 | P@2 0.9000 P@3 0.8222 P@5 0.8375 P@7 0.8182 P@10 0.6333 P@12 0.7153 P@15 0.4857 P@17 0.5941 P@20 0.5056
Epoch 6/100 | Train Loss 0.0794 AP 0.7186 | Val Loss 0.0718 AP 0.7197 | P@2 1.0000 P@3 1.0000 P@5 0.8500 P@7 0.8442 P@10 0.6905 P@12 0.7569 P@15 0.6857 P@17 0.6412 P@20 0.6056
Epoch 7/100 | Train Loss 0.0740 AP 0.7107 | Val Loss 0.0633 AP 0.7333 | P@2 1.0000 P@3 1.0000 P@5 0.8250 P@7 0.8961 P@10 0.7190 P@12 0.7361 P@15 0.7429 P@17 0.6235 P@20 0.6389
Epoch 8/100 | Train Loss 0.0704 AP 0.7539 | Val Loss 0.0674 AP 0.7924 | P@2 1.0000 P@3 1.0000 P@5 0.9000 P@7 0.9481 P@10 0.8190 P@12 0.7778 P@15 0.6667 P@17 0.7353 P@20 0.7111
Epoch 9/100 | Train Loss 0.0672 AP 0.7233 | Val Loss 0.0615 AP 0.7614 | P@2 1.0000 P@3 0.8667 P@5 0.9250 P@7 0.9221 P@10 0.8095 P@12 0.7083 P@15 0.7238 P@17 0.6588 P@20 0.6722
Epoch 10/100 | Train Loss 0.0635 AP 0.7495 | Val Loss 0.0599 AP 0.7798 | P@2 1.0000 P@3 0.9556 P@5 0.9125 P@7 0.8961 P@10 0.7762 P@12 0.7500 P@15 0.7238 P@17 0.7235 P@20 0.7167
Epoch 11/100 | Train Loss 0.0622 AP 0.7594 | Val Loss 0.0736 AP 0.7924 | P@2 1.0000 P@3 1.0000 P@5 0.9250 P@7 0.9221 P@10 0.8524 P@12 0.8194 P@15 0.6381 P@17 0.6647 P@20 0.7222
Epoch 12/100 | Train Loss 0.0610 AP 0.7593 | Val Loss 0.0541 AP 0.7934 | P@2 1.0000 P@3 0.8667 P@5 0.8125 P@7 0.9481 P@10 0.8333 P@12 0.7708 P@15 0.7429 P@17 0.7235 P@20 0.7444
Epoch 13/100 | Train Loss 0.0592 AP 0.7654 | Val Loss 0.0590 AP 0.8099 | P@2 1.0000 P@3 0.9111 P@5 0.9125 P@7 0.9481 P@10 0.8619 P@12 0.7778 P@15 0.8000 P@17 0.6706 P@20 0.7611
Epoch 14/100 | Train Loss 0.0574 AP 0.7782 | Val Loss 0.0542 AP 0.8109 | P@2 1.0000 P@3 0.9111 P@5 0.9125 P@7 0.9481 P@10 0.8333 P@12 0.8194 P@15 0.7714 P@17 0.7059 P@20 0.7500
Epoch 15/100 | Train Loss 0.0565 AP 0.7597 | Val Loss 0.0541 AP 0.8002 | P@2 0.9000 P@3 1.0000 P@5 0.9250 P@7 0.9740 P@10 0.8571 P@12 0.7917 P@15 0.6762 P@17 0.6765 P@20 0.7389
Epoch 16/100 | Train Loss 0.0550 AP 0.7752 | Val Loss 0.0516 AP 0.8303 | P@2 1.0000 P@3 0.9556 P@5 0.9500 P@7 0.9610 P@10 0.8619 P@12 0.8958 P@15 0.7524 P@17 0.6882 P@20 0.7611
Epoch 17/100 | Train Loss 0.0533 AP 0.7694 | Val Loss 0.0789 AP 0.7856 | P@2 1.0000 P@3 0.9556 P@5 0.9250 P@7 0.9221 P@10 0.8286 P@12 0.7708 P@15 0.7143 P@17 0.7294 P@20 0.6556
Epoch 18/100 | Train Loss 0.0536 AP 0.7672 | Val Loss 0.0510 AP 0.7924 | P@2 1.0000 P@3 0.9111 P@5 0.8375 P@7 0.9221 P@10 0.8286 P@12 0.8125 P@15 0.7905 P@17 0.6941 P@20 0.7000
Epoch 19/100 | Train Loss 0.0517 AP 0.7790 | Val Loss 0.0534 AP 0.8293 | P@2 1.0000 P@3 1.0000 P@5 0.9125 P@7 0.8701 P@10 0.8571 P@12 0.8958 P@15 0.7810 P@17 0.6706 P@20 0.8056
Epoch 20/100 | Train Loss 0.0516 AP 0.7875 | Val Loss 0.0715 AP 0.8390 | P@2 1.0000 P@3 1.0000 P@5 0.9375 P@7 0.9221 P@10 0.8667 P@12 0.8611 P@15 0.8286 P@17 0.7000 P@20 0.7889
Epoch 21/100 | Train Loss 0.0519 AP 0.7799 | Val Loss 0.0537 AP 0.7866 | P@2 1.0000 P@3 0.9556 P@5 0.9125 P@7 0.8701 P@10 0.8238 P@12 0.8056 P@15 0.6667 P@17 0.7118 P@20 0.7111
Epoch 22/100 | Train Loss 0.0504 AP 0.7805 | Val Loss 0.0483 AP 0.8060 | P@2 1.0000 P@3 0.9111 P@5 0.9250 P@7 0.9481 P@10 0.8238 P@12 0.8194 P@15 0.6571 P@17 0.7412 P@20 0.7611
Epoch 23/100 | Train Loss 0.0499 AP 0.7799 | Val Loss 0.0473 AP 0.8186 | P@2 1.0000 P@3 1.0000 P@5 0.8750 P@7 0.9221 P@10 0.8286 P@12 0.7847 P@15 0.7333 P@17 0.7412 P@20 0.8222
Epoch 24/100 | Train Loss 0.0493 AP 0.7856 | Val Loss 0.0462 AP 0.8128 | P@2 1.0000 P@3 1.0000 P@5 0.9375 P@7 0.9481 P@10 0.8286 P@12 0.8125 P@15 0.7238 P@17 0.7176 P@20 0.7556
Epoch 25/100 | Train Loss 0.0481 AP 0.7860 | Val Loss 0.0445 AP 0.8341 | P@2 1.0000 P@3 1.0000 P@5 0.8875 P@7 0.9481 P@10 0.8571 P@12 0.8056 P@15 0.7524 P@17 0.8059 P@20 0.7722
Epoch 26/100 | Train Loss 0.0476 AP 0.7880 | Val Loss 0.0455 AP 0.8264 | P@2 1.0000 P@3 0.9111 P@5 0.9250 P@7 0.9221 P@10 0.8571 P@12 0.7778 P@15 0.7429 P@17 0.8059 P@20 0.7722
Epoch 27/100 | Train Loss 0.0472 AP 0.7932 | Val Loss 0.0515 AP 0.8128 | P@2 1.0000 P@3 0.9556 P@5 0.9750 P@7 0.9221 P@10 0.8190 P@12 0.8403 P@15 0.7619 P@17 0.6765 P@20 0.7667
Epoch 28/100 | Train Loss 0.0469 AP 0.7705 | Val Loss 0.0486 AP 0.8070 | P@2 0.9000 P@3 0.9556 P@5 0.9750 P@7 0.8831 P@10 0.8286 P@12 0.8472 P@15 0.7619 P@17 0.7000 P@20 0.7222
Epoch 29/100 | Train Loss 0.0474 AP 0.7926 | Val Loss 0.0490 AP 0.8147 | P@2 0.9000 P@3 0.9556 P@5 0.9125 P@7 0.8961 P@10 0.8571 P@12 0.7986 P@15 0.7143 P@17 0.7412 P@20 0.7833
Epoch 30/100 | Train Loss 0.0471 AP 0.7921 | Val Loss 0.0458 AP 0.8012 | P@2 1.0000 P@3 1.0000 P@5 0.9500 P@7 0.8961 P@10 0.8286 P@12 0.7847 P@15 0.7143 P@17 0.7471 P@20 0.7056
Epoch 31/100 | Train Loss 0.0457 AP 0.8006 | Val Loss 0.0469 AP 0.8060 | P@2 1.0000 P@3 1.0000 P@5 0.9625 P@7 0.9481 P@10 0.8571 P@12 0.8125 P@15 0.6381 P@17 0.7294 P@20 0.7111
Epoch 32/100 | Train Loss 0.0457 AP 0.8048 | Val Loss 0.0452 AP 0.8012 | P@2 1.0000 P@3 0.8667 P@5 0.9250 P@7 0.9221 P@10 0.8762 P@12 0.7708 P@15 0.6286 P@17 0.7235 P@20 0.7667
Epoch 33/100 | Train Loss 0.0456 AP 0.8074 | Val Loss 0.0543 AP 0.8332 | P@2 1.0000 P@3 0.9111 P@5 0.9500 P@7 0.9481 P@10 0.8762 P@12 0.8264 P@15 0.7619 P@17 0.7941 P@20 0.7278
Epoch 34/100 | Train Loss 0.0448 AP 0.7862 | Val Loss 0.0448 AP 0.8254 | P@2 0.9000 P@3 0.9556 P@5 0.8875 P@7 0.9481 P@10 0.8810 P@12 0.8403 P@15 0.6857 P@17 0.7647 P@20 0.7667
Epoch 35/100 | Train Loss 0.0445 AP 0.7899 | Val Loss 0.0593 AP 0.8177 | P@2 1.0000 P@3 0.9556 P@5 0.9000 P@7 0.9740 P@10 0.8333 P@12 0.7986 P@15 0.7810 P@17 0.7176 P@20 0.7722
Epoch 36/100 | Train Loss 0.0451 AP 0.8167 | Val Loss 0.0453 AP 0.8438 | P@2 0.9000 P@3 0.9556 P@5 0.9625 P@7 0.9221 P@10 0.9000 P@12 0.8611 P@15 0.7619 P@17 0.7235 P@20 0.8056
Epoch 37/100 | Train Loss 0.0438 AP 0.8028 | Val Loss 0.0419 AP 0.8429 | P@2 0.9000 P@3 1.0000 P@5 0.9375 P@7 0.9481 P@10 0.8810 P@12 0.8889 P@15 0.7524 P@17 0.6941 P@20 0.8222
Epoch 38/100 | Train Loss 0.0435 AP 0.7912 | Val Loss 0.0530 AP 0.8118 | P@2 0.9000 P@3 0.8667 P@5 0.9125 P@7 0.8701 P@10 0.8667 P@12 0.8611 P@15 0.8190 P@17 0.6824 P@20 0.7333
Epoch 39/100 | Train Loss 0.0435 AP 0.8060 | Val Loss 0.0426 AP 0.8429 | P@2 1.0000 P@3 0.9556 P@5 0.9250 P@7 0.9481 P@10 0.8667 P@12 0.8264 P@15 0.7524 P@17 0.7824 P@20 0.8111
Epoch 40/100 | Train Loss 0.0433 AP 0.8296 | Val Loss 0.0414 AP 0.8584 | P@2 1.0000 P@3 0.9111 P@5 0.9750 P@7 0.8961 P@10 0.8952 P@12 0.8056 P@15 0.7810 P@17 0.8176 P@20 0.8444
Epoch 41/100 | Train Loss 0.0424 AP 0.8233 | Val Loss 0.0546 AP 0.8332 | P@2 0.9000 P@3 0.7778 P@5 0.9500 P@7 0.9221 P@10 0.8286 P@12 0.8750 P@15 0.7429 P@17 0.8059 P@20 0.8000
Epoch 42/100 | Train Loss 0.0435 AP 0.8164 | Val Loss 0.0425 AP 0.8138 | P@2 0.9000 P@3 0.8667 P@5 0.9750 P@7 0.8182 P@10 0.8381 P@12 0.7986 P@15 0.7048 P@17 0.7706 P@20 0.8056
Epoch 43/100 | Train Loss 0.0425 AP 0.8163 | Val Loss 0.0565 AP 0.8283 | P@2 1.0000 P@3 0.8667 P@5 0.9750 P@7 0.9481 P@10 0.8714 P@12 0.8819 P@15 0.7524 P@17 0.6824 P@20 0.7722
Epoch 44/100 | Train Loss 0.0416 AP 0.8110 | Val Loss 0.0448 AP 0.8186 | P@2 0.9000 P@3 0.9556 P@5 0.9750 P@7 0.9221 P@10 0.8762 P@12 0.7847 P@15 0.7524 P@17 0.6824 P@20 0.7889
Epoch 45/100 | Train Loss 0.0427 AP 0.8001 | Val Loss 0.0428 AP 0.8215 | P@2 0.9000 P@3 0.9111 P@5 0.9250 P@7 0.9221 P@10 0.8857 P@12 0.7917 P@15 0.6667 P@17 0.7706 P@20 0.7889
Epoch 46/100 | Train Loss 0.0417 AP 0.8139 | Val Loss 0.0432 AP 0.8409 | P@2 0.9000 P@3 1.0000 P@5 0.9375 P@7 0.9481 P@10 0.8857 P@12 0.7917 P@15 0.7524 P@17 0.7824 P@20 0.8000
Epoch 47/100 | Train Loss 0.0412 AP 0.8145 | Val Loss 0.0447 AP 0.8371 | P@2 0.9000 P@3 0.9111 P@5 0.9500 P@7 0.9740 P@10 0.8952 P@12 0.9097 P@15 0.6857 P@17 0.7412 P@20 0.7556
Epoch 48/100 | Train Loss 0.0417 AP 0.8314 | Val Loss 0.0385 AP 0.8312 | P@2 0.9000 P@3 0.9556 P@5 0.9250 P@7 0.8701 P@10 0.9095 P@12 0.8542 P@15 0.7238 P@17 0.7588 P@20 0.7556
Epoch 49/100 | Train Loss 0.0417 AP 0.7972 | Val Loss 0.0425 AP 0.8283 | P@2 0.8000 P@3 0.9111 P@5 0.9625 P@7 0.8442 P@10 0.8571 P@12 0.9028 P@15 0.7524 P@17 0.7706 P@20 0.7500
Epoch 50/100 | Train Loss 0.0408 AP 0.8011 | Val Loss 0.0500 AP 0.8070 | P@2 1.0000 P@3 0.8222 P@5 0.9250 P@7 0.9221 P@10 0.8667 P@12 0.7708 P@15 0.6857 P@17 0.7235 P@20 0.7889
Epoch 51/100 | Train Loss 0.0413 AP 0.8165 | Val Loss 0.0415 AP 0.8400 | P@2 1.0000 P@3 0.9556 P@5 0.9250 P@7 1.0000 P@10 0.8810 P@12 0.8194 P@15 0.6857 P@17 0.7412 P@20 0.8389
Epoch 52/100 | Train Loss 0.0412 AP 0.8088 | Val Loss 0.0421 AP 0.8274 | P@2 1.0000 P@3 0.8667 P@5 0.9250 P@7 0.9221 P@10 0.8952 P@12 0.8403 P@15 0.7143 P@17 0.8059 P@20 0.7111
Epoch 53/100 | Train Loss 0.0404 AP 0.8221 | Val Loss 0.0404 AP 0.8487 | P@2 0.9000 P@3 0.9556 P@5 0.9750 P@7 0.9221 P@10 0.9143 P@12 0.8056 P@15 0.7714 P@17 0.7765 P@20 0.8000
Epoch 54/100 | Train Loss 0.0403 AP 0.8067 | Val Loss 0.0461 AP 0.7905 | P@2 1.0000 P@3 1.0000 P@5 0.9125 P@7 0.9740 P@10 0.8381 P@12 0.7847 P@15 0.7810 P@17 0.6471 P@20 0.6722
Epoch 55/100 | Train Loss 0.0408 AP 0.8146 | Val Loss 0.0430 AP 0.8070 | P@2 0.9000 P@3 0.9111 P@5 0.9500 P@7 0.9481 P@10 0.8810 P@12 0.7778 P@15 0.6952 P@17 0.7647 P@20 0.6889
Epoch 56/100 | Train Loss 0.0402 AP 0.8221 | Val Loss 0.0416 AP 0.8380 | P@2 1.0000 P@3 0.9556 P@5 0.9250 P@7 0.9221 P@10 0.8762 P@12 0.8333 P@15 0.7048 P@17 0.7118 P@20 0.8722
Epoch 57/100 | Train Loss 0.0403 AP 0.8180 | Val Loss 0.0392 AP 0.8487 | P@2 0.9000 P@3 1.0000 P@5 0.9250 P@7 0.9221 P@10 0.8619 P@12 0.8472 P@15 0.7905 P@17 0.8118 P@20 0.7944
Epoch 58/100 | Train Loss 0.0406 AP 0.8043 | Val Loss 0.0410 AP 0.8371 | P@2 0.9000 P@3 0.9556 P@5 0.9250 P@7 0.9740 P@10 0.8762 P@12 0.9028 P@15 0.7810 P@17 0.7588 P@20 0.7111
Epoch 59/100 | Train Loss 0.0389 AP 0.8201 | Val Loss 0.0389 AP 0.8341 | P@2 0.9000 P@3 0.9556 P@5 0.9750 P@7 0.9221 P@10 0.8762 P@12 0.8542 P@15 0.8000 P@17 0.7588 P@20 0.7222
Epoch 60/100 | Train Loss 0.0393 AP 0.8192 | Val Loss 0.0406 AP 0.8322 | P@2 1.0000 P@3 0.8667 P@5 1.0000 P@7 0.8961 P@10 0.8190 P@12 0.8403 P@15 0.7714 P@17 0.7529 P@20 0.8222
Epoch 61/100 | Train Loss 0.0396 AP 0.8089 | Val Loss 0.0527 AP 0.8332 | P@2 0.9000 P@3 0.9556 P@5 0.9750 P@7 0.9740 P@10 0.8857 P@12 0.8194 P@15 0.8190 P@17 0.7412 P@20 0.7167
Epoch 62/100 | Train Loss 0.0404 AP 0.8209 | Val Loss 0.0392 AP 0.8390 | P@2 1.0000 P@3 0.9111 P@5 0.9000 P@7 0.9740 P@10 0.8905 P@12 0.8056 P@15 0.7714 P@17 0.7647 P@20 0.7944
Epoch 63/100 | Train Loss 0.0396 AP 0.8181 | Val Loss 0.0416 AP 0.8526 | P@2 1.0000 P@3 0.9111 P@5 0.9500 P@7 0.9740 P@10 0.8952 P@12 0.8819 P@15 0.8095 P@17 0.7412 P@20 0.7833
Epoch 64/100 | Train Loss 0.0399 AP 0.8218 | Val Loss 0.0453 AP 0.8196 | P@2 0.9000 P@3 0.9111 P@5 0.9500 P@7 0.8442 P@10 0.8333 P@12 0.8611 P@15 0.8286 P@17 0.7529 P@20 0.7278
Epoch 65/100 | Train Loss 0.0396 AP 0.8154 | Val Loss 0.0469 AP 0.8157 | P@2 1.0000 P@3 0.8667 P@5 0.9250 P@7 0.9221 P@10 0.8381 P@12 0.8472 P@15 0.8476 P@17 0.6765 P@20 0.7500
Epoch 66/100 | Train Loss 0.0396 AP 0.8190 | Val Loss 0.0768 AP 0.8468 | P@2 0.9000 P@3 0.9111 P@5 0.9750 P@7 0.9221 P@10 0.8714 P@12 0.8542 P@15 0.7619 P@17 0.7882 P@20 0.8056
Epoch 67/100 | Train Loss 0.0391 AP 0.8178 | Val Loss 0.0448 AP 0.8361 | P@2 1.0000 P@3 1.0000 P@5 0.9750 P@7 0.8961 P@10 0.8571 P@12 0.8681 P@15 0.6952 P@17 0.7765 P@20 0.7778
Epoch 68/100 | Train Loss 0.0393 AP 0.8170 | Val Loss 0.0381 AP 0.8458 | P@2 1.0000 P@3 0.9556 P@5 0.9250 P@7 0.9481 P@10 0.8667 P@12 0.8750 P@15 0.8190 P@17 0.7647 P@20 0.7667
Epoch 69/100 | Train Loss 0.0394 AP 0.8168 | Val Loss 0.0403 AP 0.8351 | P@2 1.0000 P@3 1.0000 P@5 0.9000 P@7 0.9481 P@10 0.8619 P@12 0.8264 P@15 0.6857 P@17 0.7882 P@20 0.8056
Epoch 70/100 | Train Loss 0.0394 AP 0.8278 | Val Loss 0.0394 AP 0.8322 | P@2 1.0000 P@3 0.9556 P@5 0.9500 P@7 0.8961 P@10 0.8952 P@12 0.8611 P@15 0.7143 P@17 0.7824 P@20 0.7222
Epoch 71/100 | Train Loss 0.0383 AP 0.8123 | Val Loss 0.0410 AP 0.7944 | P@2 1.0000 P@3 0.8667 P@5 0.9500 P@7 0.9221 P@10 0.8810 P@12 0.7569 P@15 0.7333 P@17 0.7412 P@20 0.6444
Epoch 72/100 | Train Loss 0.0385 AP 0.8093 | Val Loss 0.0416 AP 0.8080 | P@2 0.9000 P@3 0.8667 P@5 0.9625 P@7 0.9740 P@10 0.8524 P@12 0.8194 P@15 0.7429 P@17 0.6941 P@20 0.7278
Epoch 73/100 | Train Loss 0.0379 AP 0.8165 | Val Loss 0.0400 AP 0.8215 | P@2 0.9000 P@3 0.9556 P@5 0.9625 P@7 0.8831 P@10 0.8524 P@12 0.8819 P@15 0.7524 P@17 0.7588 P@20 0.7056
Epoch 74/100 | Train Loss 0.0377 AP 0.8217 | Val Loss 0.0397 AP 0.8322 | P@2 0.9000 P@3 0.9556 P@5 0.9500 P@7 0.8701 P@10 0.8714 P@12 0.8611 P@15 0.7905 P@17 0.8118 P@20 0.7000
Epoch 75/100 | Train Loss 0.0384 AP 0.8255 | Val Loss 0.0390 AP 0.8409 | P@2 0.9000 P@3 0.9111 P@5 0.9500 P@7 0.9481 P@10 0.8762 P@12 0.8819 P@15 0.7238 P@17 0.7941 P@20 0.7611
Epoch 76/100 | Train Loss 0.0384 AP 0.8261 | Val Loss 0.0426 AP 0.8351 | P@2 1.0000 P@3 1.0000 P@5 0.9250 P@7 0.9091 P@10 0.8714 P@12 0.8403 P@15 0.7905 P@17 0.7765 P@20 0.7389
Epoch 77/100 | Train Loss 0.0385 AP 0.8374 | Val Loss 0.0426 AP 0.8487 | P@2 0.9000 P@3 0.9556 P@5 0.9250 P@7 0.9740 P@10 0.8952 P@12 0.8333 P@15 0.7429 P@17 0.7882 P@20 0.8056
Epoch 78/100 | Train Loss 0.0377 AP 0.8263 | Val Loss 0.0377 AP 0.8565 | P@2 0.9000 P@3 0.8667 P@5 0.9500 P@7 0.9481 P@10 0.9143 P@12 0.8125 P@15 0.8667 P@17 0.7765 P@20 0.8056
Epoch 79/100 | Train Loss 0.0385 AP 0.8236 | Val Loss 0.0398 AP 0.8118 | P@2 1.0000 P@3 0.8667 P@5 0.9500 P@7 0.8442 P@10 0.8619 P@12 0.8125 P@15 0.7333 P@17 0.7235 P@20 0.7722
Epoch 80/100 | Train Loss 0.0381 AP 0.8206 | Val Loss 0.0393 AP 0.8477 | P@2 0.9000 P@3 0.8667 P@5 0.9125 P@7 0.9481 P@10 0.8857 P@12 0.8750 P@15 0.8667 P@17 0.7529 P@20 0.7778
Epoch 81/100 | Train Loss 0.0374 AP 0.8366 | Val Loss 0.0383 AP 0.8477 | P@2 0.9000 P@3 0.9111 P@5 0.9125 P@7 0.9091 P@10 0.9000 P@12 0.8333 P@15 0.7714 P@17 0.8471 P@20 0.7667
Epoch 82/100 | Train Loss 0.0373 AP 0.8279 | Val Loss 0.0360 AP 0.8555 | P@2 1.0000 P@3 0.8667 P@5 0.9000 P@7 0.9740 P@10 0.8905 P@12 0.8750 P@15 0.7905 P@17 0.7765 P@20 0.8222
Epoch 83/100 | Train Loss 0.0369 AP 0.8250 | Val Loss 0.0390 AP 0.8409 | P@2 0.9000 P@3 0.9111 P@5 0.9750 P@7 0.9091 P@10 0.8333 P@12 0.8750 P@15 0.8476 P@17 0.7882 P@20 0.7556
Epoch 84/100 | Train Loss 0.0368 AP 0.8331 | Val Loss 0.0390 AP 0.8526 | P@2 1.0000 P@3 0.8667 P@5 0.9250 P@7 0.9740 P@10 0.8905 P@12 0.8472 P@15 0.8667 P@17 0.7529 P@20 0.7944
Epoch 85/100 | Train Loss 0.0364 AP 0.8269 | Val Loss 0.0397 AP 0.8506 | P@2 0.9000 P@3 0.9556 P@5 0.9750 P@7 0.9221 P@10 0.8857 P@12 0.8681 P@15 0.7714 P@17 0.8235 P@20 0.7500
Epoch 86/100 | Train Loss 0.0366 AP 0.8322 | Val Loss 0.0378 AP 0.8312 | P@2 1.0000 P@3 0.9556 P@5 0.9750 P@7 0.9740 P@10 0.8905 P@12 0.8333 P@15 0.7333 P@17 0.6941 P@20 0.7722
Epoch 87/100 | Train Loss 0.0367 AP 0.8333 | Val Loss 0.0350 AP 0.8487 | P@2 0.9000 P@3 0.9111 P@5 1.0000 P@7 0.9740 P@10 0.8762 P@12 0.8542 P@15 0.8000 P@17 0.7706 P@20 0.7722
Epoch 88/100 | Train Loss 0.0361 AP 0.8360 | Val Loss 0.0385 AP 0.8584 | P@2 0.9000 P@3 0.9556 P@5 0.9250 P@7 0.9740 P@10 0.8952 P@12 0.9236 P@15 0.7714 P@17 0.8176 P@20 0.7444
Epoch 89/100 | Train Loss 0.0373 AP 0.8260 | Val Loss 0.0369 AP 0.8283 | P@2 0.9000 P@3 0.8667 P@5 0.8750 P@7 0.8571 P@10 0.8714 P@12 0.8819 P@15 0.7524 P@17 0.7765 P@20 0.7778
Epoch 90/100 | Train Loss 0.0366 AP 0.8344 | Val Loss 0.0368 AP 0.8468 | P@2 0.9000 P@3 0.8222 P@5 0.9500 P@7 0.9221 P@10 0.8714 P@12 0.8472 P@15 0.7714 P@17 0.8118 P@20 0.8167
Epoch 91/100 | Train Loss 0.0365 AP 0.8030 | Val Loss 0.0413 AP 0.8264 | P@2 1.0000 P@3 0.9556 P@5 0.9000 P@7 0.8961 P@10 0.8667 P@12 0.7569 P@15 0.8190 P@17 0.7765 P@20 0.7722
Epoch 92/100 | Train Loss 0.0359 AP 0.8308 | Val Loss 0.0361 AP 0.8574 | P@2 0.9000 P@3 1.0000 P@5 0.9500 P@7 0.9481 P@10 0.8810 P@12 0.8542 P@15 0.8000 P@17 0.7706 P@20 0.8278
Epoch 93/100 | Train Loss 0.0364 AP 0.8211 | Val Loss 0.0378 AP 0.8380 | P@2 0.9000 P@3 0.9111 P@5 0.9250 P@7 0.9481 P@10 0.8857 P@12 0.8264 P@15 0.7810 P@17 0.7765 P@20 0.7722
Epoch 94/100 | Train Loss 0.0359 AP 0.8354 | Val Loss 0.0366 AP 0.8332 | P@2 1.0000 P@3 0.9111 P@5 0.9000 P@7 0.9481 P@10 0.9190 P@12 0.8056 P@15 0.8286 P@17 0.7588 P@20 0.7111
Epoch 95/100 | Train Loss 0.0356 AP 0.8358 | Val Loss 0.0364 AP 0.8594 | P@2 1.0000 P@3 0.9111 P@5 0.9250 P@7 0.9740 P@10 0.8857 P@12 0.8889 P@15 0.7333 P@17 0.8118 P@20 0.8167
Epoch 96/100 | Train Loss 0.0364 AP 0.8377 | Val Loss 0.0369 AP 0.8594 | P@2 0.9000 P@3 0.9111 P@5 1.0000 P@7 0.9481 P@10 0.9429 P@12 0.8611 P@15 0.7619 P@17 0.7824 P@20 0.7722
Epoch 97/100 | Train Loss 0.0361 AP 0.8192 | Val Loss 0.0376 AP 0.8516 | P@2 1.0000 P@3 0.9556 P@5 0.9000 P@7 0.8961 P@10 0.9095 P@12 0.8403 P@15 0.7524 P@17 0.7941 P@20 0.8222
Epoch 98/100 | Train Loss 0.0360 AP 0.8249 | Val Loss 0.0391 AP 0.8371 | P@2 1.0000 P@3 0.9556 P@5 0.9250 P@7 0.9481 P@10 0.8476 P@12 0.8264 P@15 0.8190 P@17 0.7765 P@20 0.7667
Epoch 99/100 | Train Loss 0.0354 AP 0.8198 | Val Loss 0.0366 AP 0.8167 | P@2 0.9000 P@3 0.9111 P@5 0.9000 P@7 0.9221 P@10 0.8667 P@12 0.7917 P@15 0.7905 P@17 0.7647 P@20 0.7278
Epoch 100/100 | Train Loss 0.0358 AP 0.8373 | Val Loss 0.0360 AP 0.8332 | P@2 1.0000 P@3 0.9556 P@5 0.9750 P@7 0.8701 P@10 0.8905 P@12 0.8333 P@15 0.7619 P@17 0.7412 P@20 0.7667

Run Config
epochs=100
batch_size=64
lr=0.001
weight_decay=0.0001
margin=1.3
num_workers=2
train_path=data/train_trajectories.npy
test_path=data/test_trajectories.npy
device=cuda
model.feature_dim=6
model.hidden_dim=128
model.num_layers=2
model.conv_channels=32
model.embed_dim=32
model.dropout=0.1
--- end ---
