Epoch 1/100 | Train Loss 0.0602 AP 0.4512 | Val Loss 0.0454 Top1 0.8972 AP 0.5053 | P@2 0.9000 P@3 0.8000 P@5 0.8000 P@7 0.6494 P@10 0.4857 P@12 0.5347 P@15 0.4952 P@17 0.3588 P@20 0.3389
Epoch 2/100 | Train Loss 0.0398 AP 0.5482 | Val Loss 0.0371 Top1 0.9166 AP 0.5480 | P@2 0.9000 P@3 0.9111 P@5 0.7375 P@7 0.7143 P@10 0.5476 P@12 0.6111 P@15 0.5048 P@17 0.3353 P@20 0.4389
Epoch 3/100 | Train Loss 0.0347 AP 0.6607 | Val Loss 0.0271 Top1 0.9457 AP 0.7148 | P@2 1.0000 P@3 0.8889 P@5 0.9000 P@7 0.9091 P@10 0.7857 P@12 0.7639 P@15 0.5905 P@17 0.5941 P@20 0.5389
Epoch 4/100 | Train Loss 0.0308 AP 0.7393 | Val Loss 0.0268 Top1 0.9467 AP 0.7740 | P@2 1.0000 P@3 0.8667 P@5 0.9500 P@7 0.8961 P@10 0.7429 P@12 0.8056 P@15 0.6952 P@17 0.6471 P@20 0.7722
Epoch 5/100 | Train Loss 0.0276 AP 0.6884 | Val Loss 0.0274 Top1 0.9515 AP 0.7100 | P@2 1.0000 P@3 0.9111 P@5 0.8000 P@7 0.8701 P@10 0.7429 P@12 0.7153 P@15 0.6667 P@17 0.5588 P@20 0.6444
Epoch 6/100 | Train Loss 0.0259 AP 0.7454 | Val Loss 0.0226 Top1 0.9593 AP 0.7837 | P@2 1.0000 P@3 0.9111 P@5 0.9250 P@7 0.8961 P@10 0.8095 P@12 0.8403 P@15 0.7048 P@17 0.6706 P@20 0.6944
Epoch 7/100 | Train Loss 0.0246 AP 0.7482 | Val Loss 0.0279 Top1 0.9631 AP 0.8002 | P@2 1.0000 P@3 0.9556 P@5 0.9000 P@7 0.9481 P@10 0.8333 P@12 0.8750 P@15 0.7143 P@17 0.7000 P@20 0.6778
Epoch 8/100 | Train Loss 0.0235 AP 0.7636 | Val Loss 0.0242 Top1 0.9554 AP 0.7847 | P@2 1.0000 P@3 0.9556 P@5 1.0000 P@7 0.8442 P@10 0.8333 P@12 0.8472 P@15 0.6762 P@17 0.6235 P@20 0.7056
Epoch 9/100 | Train Loss 0.0230 AP 0.7666 | Val Loss 0.0233 Top1 0.9573 AP 0.7653 | P@2 1.0000 P@3 1.0000 P@5 0.8750 P@7 0.8961 P@10 0.7238 P@12 0.8056 P@15 0.7429 P@17 0.7059 P@20 0.6611
Epoch 10/100 | Train Loss 0.0231 AP 0.7805 | Val Loss 0.0209 Top1 0.9622 AP 0.7915 | P@2 1.0000 P@3 0.9111 P@5 0.9125 P@7 0.8961 P@10 0.7952 P@12 0.8889 P@15 0.7143 P@17 0.6941 P@20 0.6944
Epoch 11/100 | Train Loss 0.0223 AP 0.7380 | Val Loss 0.0220 Top1 0.9544 AP 0.7643 | P@2 1.0000 P@3 0.8667 P@5 0.8500 P@7 0.9221 P@10 0.7667 P@12 0.7986 P@15 0.7619 P@17 0.6471 P@20 0.6889
Epoch 12/100 | Train Loss 0.0219 AP 0.7742 | Val Loss 0.0200 Top1 0.9680 AP 0.8031 | P@2 1.0000 P@3 0.9556 P@5 0.9000 P@7 0.8961 P@10 0.8381 P@12 0.8264 P@15 0.7905 P@17 0.6471 P@20 0.7556
Epoch 13/100 | Train Loss 0.0213 AP 0.7929 | Val Loss 0.0203 Top1 0.9612 AP 0.8322 | P@2 1.0000 P@3 1.0000 P@5 0.9000 P@7 0.9221 P@10 0.8667 P@12 0.8681 P@15 0.7810 P@17 0.6882 P@20 0.8000
Epoch 14/100 | Train Loss 0.0209 AP 0.7813 | Val Loss 0.0193 Top1 0.9651 AP 0.8448 | P@2 1.0000 P@3 0.9556 P@5 0.9750 P@7 0.8961 P@10 0.8619 P@12 0.8750 P@15 0.8476 P@17 0.7471 P@20 0.7667
Epoch 15/100 | Train Loss 0.0210 AP 0.7779 | Val Loss 0.0214 Top1 0.9670 AP 0.7992 | P@2 1.0000 P@3 0.9111 P@5 0.8750 P@7 0.9481 P@10 0.7905 P@12 0.7778 P@15 0.7905 P@17 0.7000 P@20 0.7778
Epoch 16/100 | Train Loss 0.0200 AP 0.7814 | Val Loss 0.0192 Top1 0.9602 AP 0.7847 | P@2 0.9000 P@3 0.9556 P@5 0.8500 P@7 0.8701 P@10 0.7810 P@12 0.8681 P@15 0.7238 P@17 0.6706 P@20 0.7444
Epoch 17/100 | Train Loss 0.0200 AP 0.7764 | Val Loss 0.0196 Top1 0.9593 AP 0.7876 | P@2 0.9000 P@3 0.9556 P@5 0.8375 P@7 0.9481 P@10 0.7905 P@12 0.7986 P@15 0.7143 P@17 0.6706 P@20 0.7833
Epoch 18/100 | Train Loss 0.0199 AP 0.7772 | Val Loss 0.0212 Top1 0.9612 AP 0.7886 | P@2 0.9000 P@3 0.9111 P@5 0.9000 P@7 0.8701 P@10 0.7857 P@12 0.7708 P@15 0.8190 P@17 0.7412 P@20 0.7056
Epoch 19/100 | Train Loss 0.0196 AP 0.7762 | Val Loss 0.0185 Top1 0.9661 AP 0.8196 | P@2 1.0000 P@3 0.9111 P@5 0.9250 P@7 0.9481 P@10 0.8286 P@12 0.7778 P@15 0.7810 P@17 0.7294 P@20 0.8056
Epoch 20/100 | Train Loss 0.0198 AP 0.7763 | Val Loss 0.0186 Top1 0.9612 AP 0.8177 | P@2 1.0000 P@3 1.0000 P@5 0.9000 P@7 0.9481 P@10 0.7952 P@12 0.8264 P@15 0.8190 P@17 0.7588 P@20 0.7333
Epoch 21/100 | Train Loss 0.0194 AP 0.8082 | Val Loss 0.0164 Top1 0.9758 AP 0.8332 | P@2 0.9000 P@3 1.0000 P@5 0.9000 P@7 1.0000 P@10 0.7762 P@12 0.8264 P@15 0.8286 P@17 0.7706 P@20 0.8167
Epoch 22/100 | Train Loss 0.0183 AP 0.7733 | Val Loss 0.0181 Top1 0.9661 AP 0.7876 | P@2 1.0000 P@3 0.8667 P@5 0.9000 P@7 0.9351 P@10 0.7810 P@12 0.8056 P@15 0.6952 P@17 0.7118 P@20 0.7500
Epoch 23/100 | Train Loss 0.0188 AP 0.7907 | Val Loss 0.0199 Top1 0.9680 AP 0.8147 | P@2 0.9000 P@3 0.9556 P@5 0.9000 P@7 0.8961 P@10 0.8476 P@12 0.8056 P@15 0.7524 P@17 0.7706 P@20 0.7444
Epoch 24/100 | Train Loss 0.0186 AP 0.7996 | Val Loss 0.0165 Top1 0.9709 AP 0.8147 | P@2 1.0000 P@3 1.0000 P@5 0.8750 P@7 0.9740 P@10 0.8048 P@12 0.8333 P@15 0.7905 P@17 0.7471 P@20 0.7278
Epoch 25/100 | Train Loss 0.0182 AP 0.7892 | Val Loss 0.0170 Top1 0.9670 AP 0.8157 | P@2 0.9000 P@3 0.9556 P@5 0.8125 P@7 0.9481 P@10 0.8048 P@12 0.8681 P@15 0.7333 P@17 0.7471 P@20 0.8000
Epoch 26/100 | Train Loss 0.0179 AP 0.7991 | Val Loss 0.0178 Top1 0.9728 AP 0.8341 | P@2 0.9000 P@3 0.9111 P@5 0.9375 P@7 0.9481 P@10 0.8762 P@12 0.8125 P@15 0.7333 P@17 0.7588 P@20 0.8111
Epoch 27/100 | Train Loss 0.0181 AP 0.8022 | Val Loss 0.0160 Top1 0.9777 AP 0.8312 | P@2 0.9000 P@3 0.9111 P@5 0.8375 P@7 0.9481 P@10 0.8952 P@12 0.8542 P@15 0.8667 P@17 0.7176 P@20 0.7444
Epoch 28/100 | Train Loss 0.0185 AP 0.7992 | Val Loss 0.0178 Top1 0.9680 AP 0.8574 | P@2 0.9000 P@3 0.9556 P@5 0.8875 P@7 0.9221 P@10 0.8571 P@12 0.8958 P@15 0.8286 P@17 0.8353 P@20 0.7944
Epoch 29/100 | Train Loss 0.0179 AP 0.7971 | Val Loss 0.0181 Top1 0.9758 AP 0.8244 | P@2 1.0000 P@3 0.9111 P@5 0.9250 P@7 0.9221 P@10 0.8286 P@12 0.8819 P@15 0.7524 P@17 0.7353 P@20 0.7722
Epoch 30/100 | Train Loss 0.0175 AP 0.8064 | Val Loss 0.0165 Top1 0.9699 AP 0.8283 | P@2 0.9000 P@3 1.0000 P@5 0.8375 P@7 0.9740 P@10 0.8238 P@12 0.9028 P@15 0.7810 P@17 0.7471 P@20 0.7611
Epoch 31/100 | Train Loss 0.0176 AP 0.7951 | Val Loss 0.0179 Top1 0.9758 AP 0.8468 | P@2 0.9000 P@3 0.9556 P@5 0.9250 P@7 0.9481 P@10 0.8762 P@12 0.8333 P@15 0.7714 P@17 0.7412 P@20 0.8556
Epoch 32/100 | Train Loss 0.0176 AP 0.8016 | Val Loss 0.0164 Top1 0.9787 AP 0.8322 | P@2 1.0000 P@3 0.9111 P@5 0.8750 P@7 0.9221 P@10 0.8381 P@12 0.8889 P@15 0.7524 P@17 0.7765 P@20 0.7833
Epoch 33/100 | Train Loss 0.0175 AP 0.8074 | Val Loss 0.0183 Top1 0.9816 AP 0.8594 | P@2 0.9000 P@3 0.9556 P@5 0.9125 P@7 0.9740 P@10 0.8810 P@12 0.9236 P@15 0.7905 P@17 0.7706 P@20 0.8056
Epoch 34/100 | Train Loss 0.0173 AP 0.8120 | Val Loss 0.0146 Top1 0.9806 AP 0.8458 | P@2 1.0000 P@3 0.9333 P@5 0.8250 P@7 0.9221 P@10 0.8381 P@12 0.8750 P@15 0.7714 P@17 0.8176 P@20 0.8389
Epoch 35/100 | Train Loss 0.0176 AP 0.8059 | Val Loss 0.0156 Top1 0.9758 AP 0.8429 | P@2 1.0000 P@3 1.0000 P@5 0.9000 P@7 0.9481 P@10 0.8762 P@12 0.8333 P@15 0.7429 P@17 0.7529 P@20 0.8278
Epoch 36/100 | Train Loss 0.0175 AP 0.8123 | Val Loss 0.0164 Top1 0.9748 AP 0.8380 | P@2 0.9000 P@3 0.9556 P@5 0.8375 P@7 0.9481 P@10 0.8905 P@12 0.9028 P@15 0.8000 P@17 0.7235 P@20 0.7722
Epoch 37/100 | Train Loss 0.0168 AP 0.8013 | Val Loss 0.0166 Top1 0.9699 AP 0.8312 | P@2 1.0000 P@3 0.9556 P@5 0.9500 P@7 0.9481 P@10 0.8048 P@12 0.8819 P@15 0.7905 P@17 0.7765 P@20 0.7444
Epoch 38/100 | Train Loss 0.0170 AP 0.7820 | Val Loss 0.0256 Top1 0.9709 AP 0.8303 | P@2 0.9000 P@3 0.8889 P@5 0.9500 P@7 1.0000 P@10 0.8524 P@12 0.7986 P@15 0.8476 P@17 0.7000 P@20 0.7944
Epoch 39/100 | Train Loss 0.0167 AP 0.7979 | Val Loss 0.0163 Top1 0.9767 AP 0.8118 | P@2 1.0000 P@3 1.0000 P@5 0.8750 P@7 1.0000 P@10 0.8143 P@12 0.8472 P@15 0.7333 P@17 0.7176 P@20 0.7389
Epoch 40/100 | Train Loss 0.0170 AP 0.8045 | Val Loss 0.0169 Top1 0.9758 AP 0.8332 | P@2 0.9000 P@3 0.9556 P@5 0.9000 P@7 0.8961 P@10 0.8667 P@12 0.8264 P@15 0.7429 P@17 0.8118 P@20 0.7778
Epoch 41/100 | Train Loss 0.0171 AP 0.7744 | Val Loss 0.0175 Top1 0.9709 AP 0.7973 | P@2 1.0000 P@3 1.0000 P@5 0.9500 P@7 0.9221 P@10 0.8048 P@12 0.7847 P@15 0.7524 P@17 0.7353 P@20 0.6889
Epoch 42/100 | Train Loss 0.0172 AP 0.8202 | Val Loss 0.0160 Top1 0.9758 AP 0.8341 | P@2 1.0000 P@3 1.0000 P@5 0.9500 P@7 0.9221 P@10 0.8333 P@12 0.8472 P@15 0.8095 P@17 0.7176 P@20 0.8000
Epoch 43/100 | Train Loss 0.0167 AP 0.8131 | Val Loss 0.0160 Top1 0.9738 AP 0.8419 | P@2 0.9000 P@3 0.9556 P@5 0.9250 P@7 0.9221 P@10 0.8429 P@12 0.9167 P@15 0.8000 P@17 0.7529 P@20 0.7833
Epoch 44/100 | Train Loss 0.0166 AP 0.8185 | Val Loss 0.0158 Top1 0.9719 AP 0.8264 | P@2 0.9000 P@3 1.0000 P@5 0.9000 P@7 0.8961 P@10 0.8905 P@12 0.8542 P@15 0.7714 P@17 0.7294 P@20 0.7389
Epoch 45/100 | Train Loss 0.0163 AP 0.8078 | Val Loss 0.0163 Top1 0.9777 AP 0.8264 | P@2 1.0000 P@3 0.9556 P@5 0.9750 P@7 0.9221 P@10 0.8571 P@12 0.9097 P@15 0.7238 P@17 0.7529 P@20 0.6944
Epoch 46/100 | Train Loss 0.0172 AP 0.8044 | Val Loss 0.0153 Top1 0.9816 AP 0.8458 | P@2 0.9000 P@3 0.9556 P@5 1.0000 P@7 0.9481 P@10 0.8476 P@12 0.8889 P@15 0.8381 P@17 0.7765 P@20 0.7333
Epoch 47/100 | Train Loss 0.0164 AP 0.8223 | Val Loss 0.0176 Top1 0.9709 AP 0.8235 | P@2 1.0000 P@3 0.9111 P@5 0.8375 P@7 0.9740 P@10 0.8143 P@12 0.8611 P@15 0.8095 P@17 0.7471 P@20 0.7722
Epoch 48/100 | Train Loss 0.0166 AP 0.8171 | Val Loss 0.0167 Top1 0.9767 AP 0.8341 | P@2 0.9000 P@3 0.9111 P@5 0.8875 P@7 0.9740 P@10 0.8667 P@12 0.8194 P@15 0.8095 P@17 0.7471 P@20 0.7944
Epoch 49/100 | Train Loss 0.0167 AP 0.8215 | Val Loss 0.0152 Top1 0.9777 AP 0.8254 | P@2 1.0000 P@3 0.9556 P@5 0.9250 P@7 0.8961 P@10 0.8333 P@12 0.8472 P@15 0.8381 P@17 0.7176 P@20 0.7667
Epoch 50/100 | Train Loss 0.0159 AP 0.8032 | Val Loss 0.0163 Top1 0.9777 AP 0.7944 | P@2 0.9000 P@3 0.9556 P@5 0.9000 P@7 0.9481 P@10 0.8095 P@12 0.7986 P@15 0.7429 P@17 0.7000 P@20 0.7278
Epoch 51/100 | Train Loss 0.0161 AP 0.8175 | Val Loss 0.0165 Top1 0.9845 AP 0.8186 | P@2 1.0000 P@3 0.9111 P@5 0.8750 P@7 0.9740 P@10 0.8524 P@12 0.8542 P@15 0.7333 P@17 0.7529 P@20 0.7278
Epoch 52/100 | Train Loss 0.0159 AP 0.8185 | Val Loss 0.0147 Top1 0.9796 AP 0.8371 | P@2 0.9000 P@3 1.0000 P@5 0.9250 P@7 0.9481 P@10 0.8238 P@12 0.9028 P@15 0.8381 P@17 0.7235 P@20 0.7722
Epoch 53/100 | Train Loss 0.0165 AP 0.8329 | Val Loss 0.0158 Top1 0.9719 AP 0.8749 | P@2 1.0000 P@3 1.0000 P@5 0.9500 P@7 0.9740 P@10 0.8857 P@12 0.9167 P@15 0.7524 P@17 0.7706 P@20 0.8778
Epoch 54/100 | Train Loss 0.0162 AP 0.8211 | Val Loss 0.0144 Top1 0.9728 AP 0.8516 | P@2 1.0000 P@3 0.9556 P@5 0.8875 P@7 0.9221 P@10 0.8429 P@12 0.9306 P@15 0.8667 P@17 0.7353 P@20 0.8111
Epoch 55/100 | Train Loss 0.0163 AP 0.8152 | Val Loss 0.0153 Top1 0.9767 AP 0.8458 | P@2 1.0000 P@3 1.0000 P@5 0.9500 P@7 0.8961 P@10 0.8857 P@12 0.9028 P@15 0.7238 P@17 0.7529 P@20 0.7889
Epoch 56/100 | Train Loss 0.0157 AP 0.8205 | Val Loss 0.0150 Top1 0.9787 AP 0.8429 | P@2 0.9000 P@3 0.9556 P@5 0.8625 P@7 0.9221 P@10 0.8476 P@12 0.8681 P@15 0.8476 P@17 0.7471 P@20 0.8278
Epoch 57/100 | Train Loss 0.0154 AP 0.8156 | Val Loss 0.0156 Top1 0.9806 AP 0.8477 | P@2 0.9000 P@3 0.9556 P@5 0.8750 P@7 0.9221 P@10 0.8667 P@12 0.8542 P@15 0.8095 P@17 0.7824 P@20 0.8278
Epoch 58/100 | Train Loss 0.0159 AP 0.8150 | Val Loss 0.0167 Top1 0.9738 AP 0.8429 | P@2 1.0000 P@3 1.0000 P@5 0.9500 P@7 0.9740 P@10 0.8524 P@12 0.8403 P@15 0.8000 P@17 0.7529 P@20 0.7833
Epoch 59/100 | Train Loss 0.0162 AP 0.7879 | Val Loss 0.0166 Top1 0.9758 AP 0.8341 | P@2 0.9000 P@3 0.9556 P@5 0.8875 P@7 0.8961 P@10 0.9000 P@12 0.8403 P@15 0.8000 P@17 0.7353 P@20 0.7778
Epoch 60/100 | Train Loss 0.0156 AP 0.8367 | Val Loss 0.0141 Top1 0.9767 AP 0.8477 | P@2 0.9000 P@3 0.9111 P@5 0.9375 P@7 0.9481 P@10 0.9143 P@12 0.8333 P@15 0.8476 P@17 0.7412 P@20 0.7778
Epoch 61/100 | Train Loss 0.0158 AP 0.8061 | Val Loss 0.0152 Top1 0.9738 AP 0.8545 | P@2 1.0000 P@3 1.0000 P@5 0.9250 P@7 1.0000 P@10 0.8714 P@12 0.8264 P@15 0.8571 P@17 0.7471 P@20 0.8111
Epoch 62/100 | Train Loss 0.0156 AP 0.8066 | Val Loss 0.0160 Top1 0.9767 AP 0.8468 | P@2 0.9000 P@3 0.9556 P@5 0.9250 P@7 1.0000 P@10 0.8476 P@12 0.8819 P@15 0.7905 P@17 0.7588 P@20 0.8000
Epoch 63/100 | Train Loss 0.0153 AP 0.8138 | Val Loss 0.0151 Top1 0.9738 AP 0.8312 | P@2 0.9000 P@3 0.9556 P@5 0.9250 P@7 0.9221 P@10 0.8667 P@12 0.8542 P@15 0.8095 P@17 0.7412 P@20 0.7500
Epoch 64/100 | Train Loss 0.0154 AP 0.8052 | Val Loss 0.0154 Top1 0.9758 AP 0.8400 | P@2 1.0000 P@3 0.9556 P@5 0.9000 P@7 0.9221 P@10 0.8714 P@12 0.8194 P@15 0.8000 P@17 0.7294 P@20 0.8389
Epoch 65/100 | Train Loss 0.0155 AP 0.8085 | Val Loss 0.0147 Top1 0.9728 AP 0.8371 | P@2 0.9000 P@3 0.9556 P@5 0.9250 P@7 0.9221 P@10 0.8571 P@12 0.8819 P@15 0.8286 P@17 0.7118 P@20 0.7889
Epoch 66/100 | Train Loss 0.0155 AP 0.7989 | Val Loss 0.0153 Top1 0.9719 AP 0.8254 | P@2 0.9000 P@3 0.9556 P@5 0.9000 P@7 0.9740 P@10 0.8571 P@12 0.8125 P@15 0.7238 P@17 0.7529 P@20 0.7889
Epoch 67/100 | Train Loss 0.0150 AP 0.8041 | Val Loss 0.0154 Top1 0.9796 AP 0.8487 | P@2 0.9000 P@3 0.9333 P@5 0.9250 P@7 0.9221 P@10 0.8857 P@12 0.8889 P@15 0.8095 P@17 0.7647 P@20 0.7833
Epoch 68/100 | Train Loss 0.0152 AP 0.8231 | Val Loss 0.0144 Top1 0.9806 AP 0.8516 | P@2 1.0000 P@3 0.9111 P@5 0.9250 P@7 0.9481 P@10 0.8429 P@12 0.9306 P@15 0.8190 P@17 0.7706 P@20 0.7889
Epoch 69/100 | Train Loss 0.0157 AP 0.8235 | Val Loss 0.0156 Top1 0.9699 AP 0.8293 | P@2 0.9000 P@3 0.9556 P@5 0.8750 P@7 0.9221 P@10 0.8381 P@12 0.8958 P@15 0.7714 P@17 0.7765 P@20 0.7500
Epoch 70/100 | Train Loss 0.0151 AP 0.8161 | Val Loss 0.0146 Top1 0.9719 AP 0.8303 | P@2 0.9000 P@3 1.0000 P@5 0.9250 P@7 0.9221 P@10 0.8333 P@12 0.8264 P@15 0.8190 P@17 0.7471 P@20 0.7833
Epoch 71/100 | Train Loss 0.0154 AP 0.8233 | Val Loss 0.0147 Top1 0.9738 AP 0.8225 | P@2 1.0000 P@3 0.9111 P@5 0.9500 P@7 0.8701 P@10 0.8524 P@12 0.8889 P@15 0.7714 P@17 0.7176 P@20 0.7444
Epoch 72/100 | Train Loss 0.0156 AP 0.8141 | Val Loss 0.0144 Top1 0.9787 AP 0.8497 | P@2 1.0000 P@3 1.0000 P@5 0.9750 P@7 0.8961 P@10 0.8714 P@12 0.8611 P@15 0.8381 P@17 0.7882 P@20 0.7500
Epoch 73/100 | Train Loss 0.0152 AP 0.8081 | Val Loss 0.0145 Top1 0.9738 AP 0.8361 | P@2 0.9000 P@3 0.9556 P@5 0.8750 P@7 0.8701 P@10 0.8429 P@12 0.8194 P@15 0.9048 P@17 0.7294 P@20 0.8333
Epoch 74/100 | Train Loss 0.0153 AP 0.8230 | Val Loss 0.0146 Top1 0.9758 AP 0.8186 | P@2 1.0000 P@3 0.9111 P@5 0.8500 P@7 0.8701 P@10 0.8571 P@12 0.7639 P@15 0.8857 P@17 0.7588 P@20 0.7556
Epoch 75/100 | Train Loss 0.0148 AP 0.8216 | Val Loss 0.0149 Top1 0.9651 AP 0.8545 | P@2 0.9000 P@3 1.0000 P@5 0.9250 P@7 0.9481 P@10 0.8905 P@12 0.8681 P@15 0.7619 P@17 0.7765 P@20 0.8167
Epoch 76/100 | Train Loss 0.0147 AP 0.8235 | Val Loss 0.0146 Top1 0.9767 AP 0.8671 | P@2 1.0000 P@3 1.0000 P@5 0.9000 P@7 0.9481 P@10 0.8952 P@12 0.8056 P@15 0.8667 P@17 0.7882 P@20 0.8611
Epoch 77/100 | Train Loss 0.0154 AP 0.8326 | Val Loss 0.0145 Top1 0.9748 AP 0.8468 | P@2 0.9000 P@3 0.9556 P@5 0.9000 P@7 0.9740 P@10 0.8476 P@12 0.8819 P@15 0.8000 P@17 0.7353 P@20 0.8389
Epoch 78/100 | Train Loss 0.0153 AP 0.8255 | Val Loss 0.0194 Top1 0.9767 AP 0.8545 | P@2 1.0000 P@3 0.9111 P@5 0.9625 P@7 0.9740 P@10 0.8762 P@12 0.8750 P@15 0.7905 P@17 0.7706 P@20 0.8000
Epoch 79/100 | Train Loss 0.0149 AP 0.8174 | Val Loss 0.0146 Top1 0.9787 AP 0.8380 | P@2 1.0000 P@3 0.9556 P@5 0.8500 P@7 0.9221 P@10 0.8524 P@12 0.8958 P@15 0.7905 P@17 0.7765 P@20 0.7722
Epoch 80/100 | Train Loss 0.0151 AP 0.8299 | Val Loss 0.0151 Top1 0.9758 AP 0.8700 | P@2 0.9000 P@3 1.0000 P@5 0.8750 P@7 0.9740 P@10 0.8524 P@12 0.8750 P@15 0.8857 P@17 0.7824 P@20 0.8778
Epoch 81/100 | Train Loss 0.0147 AP 0.8192 | Val Loss 0.0147 Top1 0.9787 AP 0.8409 | P@2 0.9000 P@3 1.0000 P@5 0.8875 P@7 0.8961 P@10 0.8714 P@12 0.8889 P@15 0.8476 P@17 0.7765 P@20 0.7333
Epoch 82/100 | Train Loss 0.0154 AP 0.8177 | Val Loss 0.0152 Top1 0.9719 AP 0.8419 | P@2 0.9000 P@3 0.9111 P@5 0.9000 P@7 0.9221 P@10 0.8429 P@12 0.8472 P@15 0.7810 P@17 0.8529 P@20 0.7778
Epoch 83/100 | Train Loss 0.0152 AP 0.8451 | Val Loss 0.0138 Top1 0.9806 AP 0.8652 | P@2 0.9000 P@3 0.9556 P@5 0.9000 P@7 0.9221 P@10 0.8714 P@12 0.8958 P@15 0.8667 P@17 0.7824 P@20 0.8444
Epoch 84/100 | Train Loss 0.0148 AP 0.8386 | Val Loss 0.0136 Top1 0.9835 AP 0.8661 | P@2 0.9000 P@3 0.9111 P@5 0.9500 P@7 0.9481 P@10 0.9143 P@12 0.8750 P@15 0.8476 P@17 0.7765 P@20 0.8111
Epoch 85/100 | Train Loss 0.0147 AP 0.8328 | Val Loss 0.0148 Top1 0.9758 AP 0.8409 | P@2 0.9000 P@3 0.9111 P@5 0.9250 P@7 1.0000 P@10 0.8429 P@12 0.8750 P@15 0.8381 P@17 0.7706 P@20 0.7500
Epoch 86/100 | Train Loss 0.0146 AP 0.8333 | Val Loss 0.0153 Top1 0.9796 AP 0.8623 | P@2 0.9000 P@3 0.9111 P@5 0.9250 P@7 0.9481 P@10 0.9095 P@12 0.8472 P@15 0.7810 P@17 0.8294 P@20 0.8167
Epoch 87/100 | Train Loss 0.0148 AP 0.8365 | Val Loss 0.0142 Top1 0.9787 AP 0.8642 | P@2 0.9000 P@3 0.9556 P@5 0.9000 P@7 0.8961 P@10 0.9286 P@12 0.8681 P@15 0.8286 P@17 0.7588 P@20 0.8500
Epoch 88/100 | Train Loss 0.0148 AP 0.8316 | Val Loss 0.0142 Top1 0.9767 AP 0.8613 | P@2 0.9000 P@3 1.0000 P@5 0.9500 P@7 0.9740 P@10 0.8667 P@12 0.8611 P@15 0.8381 P@17 0.7647 P@20 0.8333
Epoch 89/100 | Train Loss 0.0148 AP 0.8213 | Val Loss 0.0146 Top1 0.9777 AP 0.8642 | P@2 0.9000 P@3 1.0000 P@5 0.9500 P@7 1.0000 P@10 0.9000 P@12 0.9028 P@15 0.7905 P@17 0.7706 P@20 0.7889
Epoch 90/100 | Train Loss 0.0147 AP 0.7967 | Val Loss 0.0165 Top1 0.9758 AP 0.8012 | P@2 0.9000 P@3 1.0000 P@5 0.9250 P@7 0.8961 P@10 0.8333 P@12 0.8403 P@15 0.7619 P@17 0.6882 P@20 0.7056
Epoch 91/100 | Train Loss 0.0150 AP 0.8328 | Val Loss 0.0149 Top1 0.9748 AP 0.8584 | P@2 0.9000 P@3 0.9556 P@5 0.8625 P@7 0.9740 P@10 0.8619 P@12 0.8958 P@15 0.9048 P@17 0.7412 P@20 0.8278
Epoch 92/100 | Train Loss 0.0145 AP 0.8085 | Val Loss 0.0165 Top1 0.9728 AP 0.8506 | P@2 1.0000 P@3 0.8889 P@5 0.9500 P@7 0.9740 P@10 0.8762 P@12 0.8819 P@15 0.7810 P@17 0.8000 P@20 0.7611
Epoch 93/100 | Train Loss 0.0149 AP 0.8172 | Val Loss 0.0147 Top1 0.9787 AP 0.8322 | P@2 0.9000 P@3 0.9111 P@5 0.9000 P@7 0.9481 P@10 0.8619 P@12 0.8611 P@15 0.7429 P@17 0.7471 P@20 0.8000
Epoch 94/100 | Train Loss 0.0144 AP 0.8226 | Val Loss 0.0147 Top1 0.9719 AP 0.8322 | P@2 0.9000 P@3 1.0000 P@5 0.8500 P@7 0.9221 P@10 0.8762 P@12 0.8125 P@15 0.8476 P@17 0.7412 P@20 0.7778
Epoch 95/100 | Train Loss 0.0142 AP 0.8443 | Val Loss 0.0138 Top1 0.9748 AP 0.8516 | P@2 0.9000 P@3 0.9333 P@5 0.9250 P@7 0.9481 P@10 0.8905 P@12 0.8889 P@15 0.8476 P@17 0.7294 P@20 0.7944
Epoch 96/100 | Train Loss 0.0143 AP 0.8338 | Val Loss 0.0139 Top1 0.9845 AP 0.8506 | P@2 0.9000 P@3 1.0000 P@5 0.8750 P@7 0.9481 P@10 0.8714 P@12 0.8750 P@15 0.8095 P@17 0.8176 P@20 0.7667
Epoch 97/100 | Train Loss 0.0144 AP 0.8396 | Val Loss 0.0142 Top1 0.9825 AP 0.8758 | P@2 0.9000 P@3 0.9556 P@5 0.9250 P@7 0.9740 P@10 0.8905 P@12 0.8889 P@15 0.8762 P@17 0.8176 P@20 0.8167
Epoch 98/100 | Train Loss 0.0144 AP 0.8352 | Val Loss 0.0150 Top1 0.9767 AP 0.8506 | P@2 0.9000 P@3 1.0000 P@5 0.9375 P@7 0.9221 P@10 0.8524 P@12 0.8750 P@15 0.8667 P@17 0.7294 P@20 0.8222
Epoch 99/100 | Train Loss 0.0144 AP 0.8297 | Val Loss 0.0155 Top1 0.9767 AP 0.8661 | P@2 1.0000 P@3 1.0000 P@5 0.9000 P@7 0.9221 P@10 0.9000 P@12 0.8403 P@15 0.8571 P@17 0.7941 P@20 0.8333
Epoch 100/100 | Train Loss 0.0144 AP 0.8477 | Val Loss 0.0138 Top1 0.9767 AP 0.8729 | P@2 0.9000 P@3 0.9556 P@5 0.9500 P@7 0.9481 P@10 0.9238 P@12 0.8889 P@15 0.8571 P@17 0.7765 P@20 0.8111

Run Config
epochs=100
batch_size=64
lr=0.001
weight_decay=0.0001
margin=0.8
num_workers=2
train_path=data/train_trajectories.npy
test_path=data/test_trajectories.npy
device=cuda
model.feature_dim=6
model.hidden_dim=128
model.num_layers=2
model.conv_channels=32
model.embed_dim=32
model.dropout=0.1
--- end ---
