Epoch 1/100 | Train Loss 0.1595 AP 0.4433 | Val Loss 0.1137 AP 0.4588 | P@2 1.0000 P@3 0.7333 P@5 0.8375 P@7 0.5974 P@10 0.5000 P@12 0.3611 P@15 0.4000 P@17 0.3235 P@20 0.2944
Epoch 2/100 | Train Loss 0.1096 AP 0.5368 | Val Loss 0.0921 AP 0.5393 | P@2 1.0000 P@3 0.8667 P@5 0.8125 P@7 0.7273 P@10 0.5429 P@12 0.5208 P@15 0.4190 P@17 0.4588 P@20 0.3611
Epoch 3/100 | Train Loss 0.0939 AP 0.6285 | Val Loss 0.0784 AP 0.6421 | P@2 1.0000 P@3 0.8667 P@5 0.8000 P@7 0.8312 P@10 0.6857 P@12 0.6181 P@15 0.5333 P@17 0.5412 P@20 0.5222
Epoch 4/100 | Train Loss 0.0887 AP 0.6726 | Val Loss 0.0781 AP 0.7013 | P@2 1.0000 P@3 0.9556 P@5 0.9375 P@7 0.8442 P@10 0.7238 P@12 0.7708 P@15 0.6095 P@17 0.5235 P@20 0.5778
Epoch 5/100 | Train Loss 0.0818 AP 0.6682 | Val Loss 0.0724 AP 0.7110 | P@2 1.0000 P@3 0.9556 P@5 0.8125 P@7 0.8442 P@10 0.7048 P@12 0.7292 P@15 0.5619 P@17 0.6471 P@20 0.6556
Epoch 6/100 | Train Loss 0.0768 AP 0.7089 | Val Loss 0.0669 AP 0.7682 | P@2 1.0000 P@3 0.9111 P@5 0.8875 P@7 0.8701 P@10 0.8000 P@12 0.8194 P@15 0.6476 P@17 0.6647 P@20 0.7000
Epoch 7/100 | Train Loss 0.0714 AP 0.7320 | Val Loss 0.0593 AP 0.7779 | P@2 1.0000 P@3 0.9111 P@5 0.8875 P@7 0.9481 P@10 0.7810 P@12 0.7708 P@15 0.7048 P@17 0.6765 P@20 0.7389
Epoch 8/100 | Train Loss 0.0638 AP 0.7537 | Val Loss 0.0669 AP 0.7759 | P@2 1.0000 P@3 0.8444 P@5 0.8625 P@7 0.8961 P@10 0.7619 P@12 0.7708 P@15 0.7238 P@17 0.7176 P@20 0.7500
Epoch 9/100 | Train Loss 0.0614 AP 0.7690 | Val Loss 0.0556 AP 0.7866 | P@2 1.0000 P@3 0.8222 P@5 0.9125 P@7 0.9481 P@10 0.7857 P@12 0.7292 P@15 0.8381 P@17 0.6765 P@20 0.7500
Epoch 10/100 | Train Loss 0.0595 AP 0.7494 | Val Loss 0.0551 AP 0.7701 | P@2 1.0000 P@3 0.9556 P@5 0.8750 P@7 0.8961 P@10 0.8143 P@12 0.7083 P@15 0.7524 P@17 0.6824 P@20 0.6889
Epoch 11/100 | Train Loss 0.0589 AP 0.7739 | Val Loss 0.0554 AP 0.8060 | P@2 1.0000 P@3 1.0000 P@5 0.9625 P@7 0.8961 P@10 0.7810 P@12 0.8056 P@15 0.6952 P@17 0.7412 P@20 0.7833
Epoch 12/100 | Train Loss 0.0554 AP 0.7581 | Val Loss 0.0537 AP 0.7789 | P@2 1.0000 P@3 0.9556 P@5 0.9125 P@7 0.8442 P@10 0.8286 P@12 0.7222 P@15 0.7238 P@17 0.6765 P@20 0.7389
Epoch 13/100 | Train Loss 0.0555 AP 0.7776 | Val Loss 0.0525 AP 0.8409 | P@2 1.0000 P@3 1.0000 P@5 0.8875 P@7 0.9221 P@10 0.8762 P@12 0.8125 P@15 0.8095 P@17 0.8000 P@20 0.7667
Epoch 14/100 | Train Loss 0.0535 AP 0.7611 | Val Loss 0.0468 AP 0.7953 | P@2 1.0000 P@3 0.9111 P@5 0.8625 P@7 0.9481 P@10 0.7571 P@12 0.8056 P@15 0.8381 P@17 0.7000 P@20 0.7500
Epoch 15/100 | Train Loss 0.0518 AP 0.7816 | Val Loss 0.0483 AP 0.7779 | P@2 1.0000 P@3 0.8667 P@5 0.9500 P@7 0.8182 P@10 0.7667 P@12 0.8750 P@15 0.6857 P@17 0.7353 P@20 0.6667
Epoch 16/100 | Train Loss 0.0508 AP 0.8020 | Val Loss 0.0504 AP 0.8031 | P@2 1.0000 P@3 0.9556 P@5 0.9000 P@7 0.8961 P@10 0.8095 P@12 0.8681 P@15 0.6762 P@17 0.7294 P@20 0.7444
Epoch 17/100 | Train Loss 0.0514 AP 0.7984 | Val Loss 0.0450 AP 0.8225 | P@2 1.0000 P@3 0.9556 P@5 0.9375 P@7 0.9740 P@10 0.8429 P@12 0.8056 P@15 0.7333 P@17 0.7706 P@20 0.7444
Epoch 18/100 | Train Loss 0.0493 AP 0.7901 | Val Loss 0.0451 AP 0.8080 | P@2 1.0000 P@3 0.9111 P@5 0.9250 P@7 0.8701 P@10 0.7667 P@12 0.8611 P@15 0.7714 P@17 0.7412 P@20 0.7722
Epoch 19/100 | Train Loss 0.0492 AP 0.7805 | Val Loss 0.0493 AP 0.8322 | P@2 1.0000 P@3 0.9556 P@5 0.9000 P@7 0.9221 P@10 0.8667 P@12 0.8264 P@15 0.7905 P@17 0.7412 P@20 0.7889
Epoch 20/100 | Train Loss 0.0485 AP 0.7949 | Val Loss 0.0446 AP 0.8419 | P@2 1.0000 P@3 0.9556 P@5 0.8875 P@7 0.9481 P@10 0.8810 P@12 0.7986 P@15 0.7619 P@17 0.7588 P@20 0.8444
Epoch 21/100 | Train Loss 0.0471 AP 0.8230 | Val Loss 0.0545 AP 0.8303 | P@2 1.0000 P@3 1.0000 P@5 0.9750 P@7 0.9221 P@10 0.8571 P@12 0.7708 P@15 0.7333 P@17 0.7353 P@20 0.8278
Epoch 22/100 | Train Loss 0.0465 AP 0.7971 | Val Loss 0.0472 AP 0.8206 | P@2 1.0000 P@3 0.8667 P@5 0.9250 P@7 0.8571 P@10 0.8143 P@12 0.8333 P@15 0.7905 P@17 0.7412 P@20 0.8167
Epoch 23/100 | Train Loss 0.0468 AP 0.8001 | Val Loss 0.0447 AP 0.8390 | P@2 1.0000 P@3 0.9111 P@5 0.9500 P@7 0.8312 P@10 0.8810 P@12 0.8542 P@15 0.6857 P@17 0.7706 P@20 0.8500
Epoch 24/100 | Train Loss 0.0464 AP 0.7973 | Val Loss 0.0448 AP 0.7934 | P@2 1.0000 P@3 0.9556 P@5 0.9500 P@7 0.8182 P@10 0.8238 P@12 0.7847 P@15 0.7048 P@17 0.6706 P@20 0.7889
Epoch 25/100 | Train Loss 0.0450 AP 0.8031 | Val Loss 0.0677 AP 0.8341 | P@2 1.0000 P@3 0.8667 P@5 0.9250 P@7 0.8701 P@10 0.8524 P@12 0.8125 P@15 0.8095 P@17 0.8000 P@20 0.7944
Epoch 26/100 | Train Loss 0.0450 AP 0.8155 | Val Loss 0.0450 AP 0.8235 | P@2 1.0000 P@3 0.9556 P@5 0.9625 P@7 0.8442 P@10 0.8381 P@12 0.8333 P@15 0.7238 P@17 0.7706 P@20 0.7833
Epoch 27/100 | Train Loss 0.0452 AP 0.8193 | Val Loss 0.0483 AP 0.8341 | P@2 1.0000 P@3 0.8667 P@5 0.9500 P@7 0.8182 P@10 0.8286 P@12 0.8889 P@15 0.6952 P@17 0.8353 P@20 0.8056
Epoch 28/100 | Train Loss 0.0442 AP 0.8120 | Val Loss 0.0448 AP 0.8206 | P@2 1.0000 P@3 0.9111 P@5 0.9250 P@7 0.8961 P@10 0.8333 P@12 0.8403 P@15 0.8095 P@17 0.7176 P@20 0.7722
Epoch 29/100 | Train Loss 0.0447 AP 0.8097 | Val Loss 0.0450 AP 0.8021 | P@2 1.0000 P@3 0.9111 P@5 0.9250 P@7 0.8442 P@10 0.8000 P@12 0.7361 P@15 0.7619 P@17 0.7529 P@20 0.8056
Epoch 30/100 | Train Loss 0.0431 AP 0.7964 | Val Loss 0.0451 AP 0.8060 | P@2 1.0000 P@3 0.9333 P@5 0.9000 P@7 0.8961 P@10 0.8190 P@12 0.7361 P@15 0.7429 P@17 0.7059 P@20 0.8444
Epoch 31/100 | Train Loss 0.0430 AP 0.8106 | Val Loss 0.0448 AP 0.8167 | P@2 1.0000 P@3 0.8889 P@5 0.9375 P@7 0.8442 P@10 0.8429 P@12 0.7153 P@15 0.7238 P@17 0.8176 P@20 0.8167
Epoch 32/100 | Train Loss 0.0430 AP 0.8197 | Val Loss 0.0425 AP 0.8458 | P@2 1.0000 P@3 0.8667 P@5 0.9375 P@7 0.9481 P@10 0.8762 P@12 0.8750 P@15 0.7048 P@17 0.7471 P@20 0.8556
Epoch 33/100 | Train Loss 0.0418 AP 0.8153 | Val Loss 0.0400 AP 0.8351 | P@2 1.0000 P@3 0.9111 P@5 0.9250 P@7 0.8442 P@10 0.8524 P@12 0.7917 P@15 0.7714 P@17 0.8176 P@20 0.8222
Epoch 34/100 | Train Loss 0.0422 AP 0.8104 | Val Loss 0.0440 AP 0.8293 | P@2 1.0000 P@3 0.8667 P@5 0.9750 P@7 0.8961 P@10 0.8381 P@12 0.7847 P@15 0.8095 P@17 0.7588 P@20 0.8111
Epoch 35/100 | Train Loss 0.0423 AP 0.8109 | Val Loss 0.0399 AP 0.8322 | P@2 1.0000 P@3 0.9111 P@5 0.9500 P@7 0.8961 P@10 0.8286 P@12 0.8681 P@15 0.7905 P@17 0.8059 P@20 0.7389
Epoch 36/100 | Train Loss 0.0420 AP 0.8196 | Val Loss 0.0492 AP 0.8438 | P@2 1.0000 P@3 0.8444 P@5 0.9750 P@7 0.9481 P@10 0.9048 P@12 0.8611 P@15 0.6762 P@17 0.7706 P@20 0.8056
Epoch 37/100 | Train Loss 0.0417 AP 0.8289 | Val Loss 0.0393 AP 0.8409 | P@2 1.0000 P@3 0.9556 P@5 0.9250 P@7 0.8701 P@10 0.8381 P@12 0.8472 P@15 0.7714 P@17 0.8353 P@20 0.7889
Epoch 38/100 | Train Loss 0.0411 AP 0.8143 | Val Loss 0.0378 AP 0.8477 | P@2 1.0000 P@3 0.9111 P@5 0.9250 P@7 0.8701 P@10 0.8143 P@12 0.8403 P@15 0.8476 P@17 0.8176 P@20 0.8444
Epoch 39/100 | Train Loss 0.0414 AP 0.8038 | Val Loss 0.0428 AP 0.8429 | P@2 1.0000 P@3 0.9111 P@5 0.9500 P@7 0.8701 P@10 0.8286 P@12 0.8681 P@15 0.8000 P@17 0.7824 P@20 0.8278
Epoch 40/100 | Train Loss 0.0398 AP 0.8243 | Val Loss 0.0416 AP 0.8438 | P@2 1.0000 P@3 0.8667 P@5 1.0000 P@7 0.8961 P@10 0.8381 P@12 0.8750 P@15 0.7619 P@17 0.7882 P@20 0.8111
Epoch 41/100 | Train Loss 0.0407 AP 0.8176 | Val Loss 0.0430 AP 0.8244 | P@2 1.0000 P@3 0.8667 P@5 1.0000 P@7 0.9481 P@10 0.8286 P@12 0.7917 P@15 0.7143 P@17 0.7529 P@20 0.8167
Epoch 42/100 | Train Loss 0.0394 AP 0.8260 | Val Loss 0.0418 AP 0.8603 | P@2 1.0000 P@3 0.9111 P@5 0.9500 P@7 0.9221 P@10 0.8333 P@12 0.8472 P@15 0.8381 P@17 0.8706 P@20 0.8111
Epoch 43/100 | Train Loss 0.0400 AP 0.8227 | Val Loss 0.0408 AP 0.8283 | P@2 1.0000 P@3 0.8889 P@5 0.9500 P@7 0.8961 P@10 0.8714 P@12 0.8472 P@15 0.6857 P@17 0.8000 P@20 0.7556
Epoch 44/100 | Train Loss 0.0409 AP 0.8228 | Val Loss 0.0428 AP 0.8419 | P@2 1.0000 P@3 0.9111 P@5 0.9500 P@7 0.9091 P@10 0.8857 P@12 0.8611 P@15 0.7905 P@17 0.7882 P@20 0.7444
Epoch 45/100 | Train Loss 0.0393 AP 0.8354 | Val Loss 0.0404 AP 0.8448 | P@2 1.0000 P@3 0.8444 P@5 0.9500 P@7 0.8442 P@10 0.8476 P@12 0.8403 P@15 0.8571 P@17 0.8412 P@20 0.7778
Epoch 46/100 | Train Loss 0.0389 AP 0.8115 | Val Loss 0.0435 AP 0.8390 | P@2 1.0000 P@3 0.9111 P@5 0.9500 P@7 0.8961 P@10 0.8667 P@12 0.8264 P@15 0.8286 P@17 0.7882 P@20 0.7611
Epoch 47/100 | Train Loss 0.0393 AP 0.8260 | Val Loss 0.0412 AP 0.8574 | P@2 1.0000 P@3 0.8889 P@5 0.9500 P@7 0.8701 P@10 0.8619 P@12 0.8333 P@15 0.8857 P@17 0.8294 P@20 0.8111
Epoch 48/100 | Train Loss 0.0388 AP 0.8335 | Val Loss 0.0410 AP 0.8574 | P@2 1.0000 P@3 0.8444 P@5 0.9250 P@7 0.9221 P@10 0.8667 P@12 0.9028 P@15 0.8095 P@17 0.7941 P@20 0.8278
Epoch 49/100 | Train Loss 0.0394 AP 0.8300 | Val Loss 0.0419 AP 0.8400 | P@2 1.0000 P@3 0.9111 P@5 0.9250 P@7 0.9740 P@10 0.8476 P@12 0.8542 P@15 0.7429 P@17 0.7824 P@20 0.8000
Epoch 50/100 | Train Loss 0.0385 AP 0.8205 | Val Loss 0.0432 AP 0.8341 | P@2 1.0000 P@3 0.9556 P@5 0.9750 P@7 0.9221 P@10 0.8000 P@12 0.8472 P@15 0.8000 P@17 0.7882 P@20 0.7778
Epoch 51/100 | Train Loss 0.0387 AP 0.8382 | Val Loss 0.0400 AP 0.8642 | P@2 1.0000 P@3 0.8444 P@5 0.9750 P@7 0.9221 P@10 0.8524 P@12 0.8750 P@15 0.8000 P@17 0.8235 P@20 0.8611
Epoch 52/100 | Train Loss 0.0381 AP 0.8230 | Val Loss 0.0396 AP 0.8438 | P@2 1.0000 P@3 0.8667 P@5 0.9500 P@7 0.9481 P@10 0.8762 P@12 0.7986 P@15 0.7905 P@17 0.7647 P@20 0.8333
Epoch 53/100 | Train Loss 0.0389 AP 0.8278 | Val Loss 0.0476 AP 0.8565 | P@2 1.0000 P@3 0.8667 P@5 0.9750 P@7 0.9740 P@10 0.8667 P@12 0.8542 P@15 0.7619 P@17 0.7941 P@20 0.8389
Epoch 54/100 | Train Loss 0.0386 AP 0.8350 | Val Loss 0.0387 AP 0.8497 | P@2 1.0000 P@3 0.9111 P@5 0.9250 P@7 0.8701 P@10 0.8667 P@12 0.8472 P@15 0.8476 P@17 0.8000 P@20 0.8056
Epoch 55/100 | Train Loss 0.0382 AP 0.8190 | Val Loss 0.0405 AP 0.8274 | P@2 1.0000 P@3 0.9111 P@5 0.9250 P@7 0.9221 P@10 0.8286 P@12 0.8264 P@15 0.7619 P@17 0.7647 P@20 0.8000
Epoch 56/100 | Train Loss 0.0378 AP 0.8394 | Val Loss 0.0389 AP 0.8390 | P@2 1.0000 P@3 0.9111 P@5 0.9750 P@7 0.9221 P@10 0.8286 P@12 0.7778 P@15 0.8000 P@17 0.8118 P@20 0.8167
Epoch 57/100 | Train Loss 0.0368 AP 0.8329 | Val Loss 0.0377 AP 0.8661 | P@2 1.0000 P@3 0.8889 P@5 0.9250 P@7 0.8961 P@10 0.9048 P@12 0.9028 P@15 0.7429 P@17 0.7941 P@20 0.8722
Epoch 58/100 | Train Loss 0.0370 AP 0.8144 | Val Loss 0.0475 AP 0.8235 | P@2 1.0000 P@3 0.9111 P@5 0.9250 P@7 0.9221 P@10 0.8381 P@12 0.8056 P@15 0.8286 P@17 0.7412 P@20 0.7667
Epoch 59/100 | Train Loss 0.0378 AP 0.8320 | Val Loss 0.0367 AP 0.8516 | P@2 1.0000 P@3 0.8667 P@5 0.9250 P@7 0.9481 P@10 0.9143 P@12 0.8333 P@15 0.8095 P@17 0.7765 P@20 0.7944
Epoch 60/100 | Train Loss 0.0374 AP 0.8253 | Val Loss 0.0381 AP 0.8555 | P@2 1.0000 P@3 0.9556 P@5 0.9500 P@7 1.0000 P@10 0.8619 P@12 0.8125 P@15 0.8476 P@17 0.7882 P@20 0.8056
Epoch 61/100 | Train Loss 0.0364 AP 0.8337 | Val Loss 0.0401 AP 0.8448 | P@2 1.0000 P@3 0.8667 P@5 0.9250 P@7 0.9221 P@10 0.8714 P@12 0.7986 P@15 0.7619 P@17 0.7941 P@20 0.8556
Epoch 62/100 | Train Loss 0.0363 AP 0.8403 | Val Loss 0.0382 AP 0.8661 | P@2 1.0000 P@3 0.8444 P@5 0.9500 P@7 1.0000 P@10 0.8381 P@12 0.8611 P@15 0.8190 P@17 0.8176 P@20 0.8722
Epoch 63/100 | Train Loss 0.0363 AP 0.8487 | Val Loss 0.0376 AP 0.8710 | P@2 1.0000 P@3 0.8667 P@5 0.9250 P@7 0.9481 P@10 0.8952 P@12 0.8611 P@15 0.7619 P@17 0.8412 P@20 0.8722
Epoch 64/100 | Train Loss 0.0354 AP 0.8369 | Val Loss 0.0382 AP 0.8341 | P@2 1.0000 P@3 0.8889 P@5 0.9500 P@7 0.8961 P@10 0.8524 P@12 0.8472 P@15 0.8286 P@17 0.7294 P@20 0.7944
Epoch 65/100 | Train Loss 0.0357 AP 0.8459 | Val Loss 0.0370 AP 0.8613 | P@2 1.0000 P@3 0.9111 P@5 0.9500 P@7 0.8961 P@10 0.8857 P@12 0.9097 P@15 0.8000 P@17 0.7529 P@20 0.8500
Epoch 66/100 | Train Loss 0.0354 AP 0.8305 | Val Loss 0.0374 AP 0.8332 | P@2 1.0000 P@3 0.9111 P@5 0.9250 P@7 0.9221 P@10 0.8333 P@12 0.8056 P@15 0.8571 P@17 0.8176 P@20 0.7389
Epoch 67/100 | Train Loss 0.0352 AP 0.8448 | Val Loss 0.0405 AP 0.8594 | P@2 1.0000 P@3 0.8444 P@5 0.9500 P@7 0.8701 P@10 0.9048 P@12 0.8681 P@15 0.8286 P@17 0.7882 P@20 0.8278
Epoch 68/100 | Train Loss 0.0355 AP 0.8451 | Val Loss 0.0360 AP 0.8720 | P@2 1.0000 P@3 0.8667 P@5 0.9000 P@7 0.8961 P@10 0.9048 P@12 0.8681 P@15 0.8476 P@17 0.8412 P@20 0.8444
Epoch 69/100 | Train Loss 0.0354 AP 0.8450 | Val Loss 0.0383 AP 0.8652 | P@2 1.0000 P@3 0.8444 P@5 0.9500 P@7 0.8701 P@10 0.8381 P@12 0.8611 P@15 0.7905 P@17 0.8706 P@20 0.8889
Epoch 70/100 | Train Loss 0.0353 AP 0.8336 | Val Loss 0.0366 AP 0.8380 | P@2 1.0000 P@3 0.8889 P@5 0.8500 P@7 0.8961 P@10 0.8714 P@12 0.8472 P@15 0.7810 P@17 0.7353 P@20 0.8611
Epoch 71/100 | Train Loss 0.0350 AP 0.8387 | Val Loss 0.0374 AP 0.8419 | P@2 1.0000 P@3 0.8444 P@5 0.9500 P@7 0.9481 P@10 0.8762 P@12 0.8333 P@15 0.7429 P@17 0.7941 P@20 0.8000
Epoch 72/100 | Train Loss 0.0348 AP 0.8505 | Val Loss 0.0365 AP 0.8652 | P@2 1.0000 P@3 0.9556 P@5 0.9500 P@7 0.9221 P@10 0.8476 P@12 0.8125 P@15 0.7905 P@17 0.8529 P@20 0.8833
Epoch 73/100 | Train Loss 0.0357 AP 0.8593 | Val Loss 0.0354 AP 0.8400 | P@2 1.0000 P@3 0.8889 P@5 0.9250 P@7 0.9481 P@10 0.8095 P@12 0.8333 P@15 0.7429 P@17 0.8647 P@20 0.8000
Epoch 74/100 | Train Loss 0.0344 AP 0.8321 | Val Loss 0.0418 AP 0.8497 | P@2 1.0000 P@3 0.8000 P@5 0.9250 P@7 0.8701 P@10 0.9190 P@12 0.7847 P@15 0.7714 P@17 0.8294 P@20 0.8389
Epoch 75/100 | Train Loss 0.0346 AP 0.8376 | Val Loss 0.0387 AP 0.8632 | P@2 1.0000 P@3 0.8667 P@5 0.9250 P@7 1.0000 P@10 0.8714 P@12 0.8611 P@15 0.8381 P@17 0.8059 P@20 0.8222
Epoch 76/100 | Train Loss 0.0345 AP 0.8229 | Val Loss 0.0385 AP 0.8351 | P@2 1.0000 P@3 0.9111 P@5 0.9250 P@7 0.9481 P@10 0.8619 P@12 0.8333 P@15 0.8190 P@17 0.7412 P@20 0.7778
Epoch 77/100 | Train Loss 0.0346 AP 0.8483 | Val Loss 0.0358 AP 0.8565 | P@2 1.0000 P@3 0.9333 P@5 0.9500 P@7 0.9481 P@10 0.8667 P@12 0.8681 P@15 0.8286 P@17 0.7882 P@20 0.8000
Epoch 78/100 | Train Loss 0.0339 AP 0.8437 | Val Loss 0.0381 AP 0.8603 | P@2 1.0000 P@3 0.9556 P@5 0.9000 P@7 0.9481 P@10 0.8810 P@12 0.8403 P@15 0.8095 P@17 0.8000 P@20 0.8444
Epoch 79/100 | Train Loss 0.0341 AP 0.8440 | Val Loss 0.0425 AP 0.8535 | P@2 1.0000 P@3 0.9556 P@5 0.9000 P@7 0.8701 P@10 0.8333 P@12 0.8611 P@15 0.7810 P@17 0.8294 P@20 0.8667
Epoch 80/100 | Train Loss 0.0348 AP 0.8468 | Val Loss 0.0369 AP 0.8574 | P@2 1.0000 P@3 0.8889 P@5 0.9500 P@7 0.9221 P@10 0.8667 P@12 0.8403 P@15 0.8476 P@17 0.8000 P@20 0.8278
Epoch 81/100 | Train Loss 0.0342 AP 0.8430 | Val Loss 0.0389 AP 0.8487 | P@2 1.0000 P@3 0.8667 P@5 0.9250 P@7 0.9740 P@10 0.8476 P@12 0.8194 P@15 0.7714 P@17 0.8176 P@20 0.8389
Epoch 82/100 | Train Loss 0.0338 AP 0.8529 | Val Loss 0.0392 AP 0.8700 | P@2 1.0000 P@3 0.9111 P@5 0.9750 P@7 0.9221 P@10 0.8857 P@12 0.8542 P@15 0.8000 P@17 0.8471 P@20 0.8333
Epoch 83/100 | Train Loss 0.0337 AP 0.8479 | Val Loss 0.0373 AP 0.8613 | P@2 1.0000 P@3 0.8889 P@5 0.9250 P@7 0.9481 P@10 0.8286 P@12 0.8056 P@15 0.8762 P@17 0.8529 P@20 0.8556
Epoch 84/100 | Train Loss 0.0334 AP 0.8530 | Val Loss 0.0339 AP 0.8729 | P@2 1.0000 P@3 0.9111 P@5 0.9000 P@7 0.9481 P@10 0.8667 P@12 0.8472 P@15 0.8571 P@17 0.8059 P@20 0.9056
Epoch 85/100 | Train Loss 0.0332 AP 0.8511 | Val Loss 0.0381 AP 0.8497 | P@2 1.0000 P@3 0.8222 P@5 0.9125 P@7 0.9481 P@10 0.8476 P@12 0.8681 P@15 0.8571 P@17 0.8118 P@20 0.7889
Epoch 86/100 | Train Loss 0.0334 AP 0.8420 | Val Loss 0.0349 AP 0.8526 | P@2 1.0000 P@3 0.9333 P@5 0.9750 P@7 0.8961 P@10 0.8286 P@12 0.8542 P@15 0.8190 P@17 0.7647 P@20 0.8722
Epoch 87/100 | Train Loss 0.0335 AP 0.8357 | Val Loss 0.0383 AP 0.8526 | P@2 1.0000 P@3 0.9556 P@5 0.9500 P@7 0.9481 P@10 0.9000 P@12 0.8611 P@15 0.7429 P@17 0.8235 P@20 0.7556
Epoch 88/100 | Train Loss 0.0332 AP 0.8533 | Val Loss 0.0353 AP 0.8545 | P@2 1.0000 P@3 0.9111 P@5 0.9500 P@7 0.9221 P@10 0.8857 P@12 0.8819 P@15 0.7333 P@17 0.7647 P@20 0.8500
Epoch 89/100 | Train Loss 0.0324 AP 0.8492 | Val Loss 0.0351 AP 0.8497 | P@2 1.0000 P@3 0.9556 P@5 0.9000 P@7 0.8961 P@10 0.8619 P@12 0.9097 P@15 0.7238 P@17 0.7824 P@20 0.8389
Epoch 90/100 | Train Loss 0.0327 AP 0.8329 | Val Loss 0.0375 AP 0.8506 | P@2 1.0000 P@3 0.9111 P@5 0.9500 P@7 0.9481 P@10 0.8905 P@12 0.8750 P@15 0.8095 P@17 0.7941 P@20 0.7444
Epoch 91/100 | Train Loss 0.0327 AP 0.8409 | Val Loss 0.0397 AP 0.8468 | P@2 1.0000 P@3 0.8667 P@5 0.9500 P@7 0.9740 P@10 0.8762 P@12 0.8056 P@15 0.7429 P@17 0.7941 P@20 0.8333
Epoch 92/100 | Train Loss 0.0326 AP 0.8530 | Val Loss 0.0347 AP 0.8720 | P@2 1.0000 P@3 0.9556 P@5 0.9500 P@7 0.8961 P@10 0.8952 P@12 0.9167 P@15 0.7810 P@17 0.8176 P@20 0.8333
Epoch 93/100 | Train Loss 0.0327 AP 0.8611 | Val Loss 0.0324 AP 0.8710 | P@2 1.0000 P@3 0.9111 P@5 0.9250 P@7 0.9481 P@10 0.8952 P@12 0.8889 P@15 0.7619 P@17 0.8412 P@20 0.8389
Epoch 94/100 | Train Loss 0.0335 AP 0.8567 | Val Loss 0.0333 AP 0.8768 | P@2 1.0000 P@3 0.9556 P@5 0.9375 P@7 0.9481 P@10 0.8952 P@12 0.8958 P@15 0.8476 P@17 0.7941 P@20 0.8444
Epoch 95/100 | Train Loss 0.0327 AP 0.8544 | Val Loss 0.0402 AP 0.8661 | P@2 1.0000 P@3 0.8889 P@5 0.9500 P@7 0.9481 P@10 0.9095 P@12 0.8542 P@15 0.8667 P@17 0.7706 P@20 0.8222
Epoch 96/100 | Train Loss 0.0327 AP 0.8489 | Val Loss 0.0359 AP 0.8487 | P@2 1.0000 P@3 0.8444 P@5 0.9500 P@7 0.8961 P@10 0.8762 P@12 0.8333 P@15 0.7429 P@17 0.8118 P@20 0.8444
Epoch 97/100 | Train Loss 0.0321 AP 0.8530 | Val Loss 0.0432 AP 0.8855 | P@2 1.0000 P@3 0.8889 P@5 0.9500 P@7 0.9740 P@10 0.8905 P@12 0.8889 P@15 0.8286 P@17 0.8294 P@20 0.8833
Epoch 98/100 | Train Loss 0.0315 AP 0.8512 | Val Loss 0.0358 AP 0.8371 | P@2 1.0000 P@3 0.9111 P@5 0.9500 P@7 0.8961 P@10 0.8429 P@12 0.8264 P@15 0.7143 P@17 0.8353 P@20 0.8000
Epoch 99/100 | Train Loss 0.0323 AP 0.8599 | Val Loss 0.0347 AP 0.8555 | P@2 1.0000 P@3 0.8667 P@5 0.9500 P@7 0.9481 P@10 0.9238 P@12 0.8125 P@15 0.7429 P@17 0.7706 P@20 0.8556
Epoch 100/100 | Train Loss 0.0321 AP 0.8658 | Val Loss 0.0368 AP 0.8817 | P@2 1.0000 P@3 0.9111 P@5 0.9500 P@7 0.9481 P@10 0.9048 P@12 0.9306 P@15 0.8286 P@17 0.8176 P@20 0.8278

Run Config
epochs=100
batch_size=64
lr=0.001
weight_decay=0.0001
margin=1.3
num_workers=2
train_path=data/train_trajectories.npy
test_path=data/test_trajectories.npy
device=cuda
model.feature_dim=6
model.hidden_dim=128
model.num_layers=2
model.conv_channels=32
model.embed_dim=32
model.dropout=0.1
--- end ---
