Epoch 1/100 | Train Loss 0.2153 AP 0.6747 | Val Loss 0.1482 AP 0.6893 | P@2 0.9545 P@3 0.9770 P@5 0.9000 P@7 0.8238 P@10 0.7700 P@12 0.6706 P@15 0.6480 P@17 0.5994 P@20 0.5661
Epoch 2/100 | Train Loss 0.1387 AP 0.7513 | Val Loss 0.1232 AP 0.7462 | P@2 1.0000 P@3 0.9310 P@5 0.9667 P@7 0.8714 P@10 0.7900 P@12 0.7024 P@15 0.6667 P@17 0.7143 P@20 0.6750
Epoch 3/100 | Train Loss 0.1274 AP 0.7410 | Val Loss 0.1225 AP 0.7407 | P@2 0.9545 P@3 0.9080 P@5 0.8750 P@7 0.9095 P@10 0.7950 P@12 0.6825 P@15 0.7280 P@17 0.6555 P@20 0.6518
Epoch 4/100 | Train Loss 0.1218 AP 0.7639 | Val Loss 0.1128 AP 0.7695 | P@2 0.9091 P@3 0.9310 P@5 0.9333 P@7 0.8762 P@10 0.7850 P@12 0.7698 P@15 0.7573 P@17 0.7255 P@20 0.7321
Epoch 5/100 | Train Loss 0.1165 AP 0.7950 | Val Loss 0.1076 AP 0.7828 | P@2 0.9091 P@3 0.9080 P@5 0.9167 P@7 0.8905 P@10 0.7950 P@12 0.8016 P@15 0.7520 P@17 0.7563 P@20 0.7321
Epoch 6/100 | Train Loss 0.1128 AP 0.8122 | Val Loss 0.1062 AP 0.8047 | P@2 1.0000 P@3 0.9310 P@5 0.9167 P@7 0.9524 P@10 0.8000 P@12 0.7659 P@15 0.8133 P@17 0.7703 P@20 0.7268
Epoch 7/100 | Train Loss 0.1094 AP 0.8007 | Val Loss 0.1016 AP 0.7981 | P@2 1.0000 P@3 0.9310 P@5 0.9000 P@7 0.9333 P@10 0.8500 P@12 0.7817 P@15 0.7653 P@17 0.7227 P@20 0.7464
Epoch 8/100 | Train Loss 0.1065 AP 0.8181 | Val Loss 0.0982 AP 0.8065 | P@2 1.0000 P@3 0.9080 P@5 0.9167 P@7 0.9238 P@10 0.8400 P@12 0.7976 P@15 0.7493 P@17 0.7871 P@20 0.7286
Epoch 9/100 | Train Loss 0.1044 AP 0.8229 | Val Loss 0.0968 AP 0.8230 | P@2 1.0000 P@3 0.9310 P@5 0.9667 P@7 0.9143 P@10 0.7800 P@12 0.7341 P@15 0.8320 P@17 0.7759 P@20 0.8000
Epoch 10/100 | Train Loss 0.1037 AP 0.8380 | Val Loss 0.0966 AP 0.8397 | P@2 1.0000 P@3 0.9310 P@5 0.9333 P@7 0.9571 P@10 0.8600 P@12 0.7976 P@15 0.7947 P@17 0.8123 P@20 0.8089
Epoch 11/100 | Train Loss 0.1014 AP 0.8322 | Val Loss 0.0943 AP 0.8333 | P@2 1.0000 P@3 0.9770 P@5 0.9500 P@7 0.9000 P@10 0.8250 P@12 0.8373 P@15 0.8000 P@17 0.7955 P@20 0.7982
Epoch 12/100 | Train Loss 0.1005 AP 0.8520 | Val Loss 0.0908 AP 0.8540 | P@2 1.0000 P@3 0.9080 P@5 0.9833 P@7 0.8905 P@10 0.8150 P@12 0.8254 P@15 0.7947 P@17 0.8515 P@20 0.8089
Epoch 13/100 | Train Loss 0.1012 AP 0.8609 | Val Loss 0.0862 AP 0.8586 | P@2 1.0000 P@3 0.9540 P@5 0.9333 P@7 0.9810 P@10 0.8650 P@12 0.8254 P@15 0.8587 P@17 0.8375 P@20 0.7911
Epoch 14/100 | Train Loss 0.0988 AP 0.8515 | Val Loss 0.0889 AP 0.8443 | P@2 1.0000 P@3 0.9310 P@5 0.9333 P@7 0.9429 P@10 0.8450 P@12 0.8175 P@15 0.8160 P@17 0.7983 P@20 0.8214
Epoch 15/100 | Train Loss 0.0990 AP 0.8435 | Val Loss 0.0917 AP 0.8323 | P@2 1.0000 P@3 0.9540 P@5 0.9333 P@7 0.9286 P@10 0.8200 P@12 0.8095 P@15 0.8080 P@17 0.8151 P@20 0.7911
Epoch 16/100 | Train Loss 0.0976 AP 0.8583 | Val Loss 0.0905 AP 0.8492 | P@2 0.9545 P@3 0.9080 P@5 0.9333 P@7 0.9286 P@10 0.8300 P@12 0.8452 P@15 0.7813 P@17 0.8459 P@20 0.8250
Epoch 17/100 | Train Loss 0.0973 AP 0.8547 | Val Loss 0.0901 AP 0.8530 | P@2 1.0000 P@3 0.9310 P@5 0.9500 P@7 0.9619 P@10 0.8250 P@12 0.8730 P@15 0.8400 P@17 0.8207 P@20 0.8125
Epoch 18/100 | Train Loss 0.0962 AP 0.8640 | Val Loss 0.0883 AP 0.8622 | P@2 1.0000 P@3 0.9770 P@5 0.9667 P@7 0.9333 P@10 0.8750 P@12 0.8016 P@15 0.8133 P@17 0.8291 P@20 0.8286
Epoch 19/100 | Train Loss 0.0962 AP 0.8533 | Val Loss 0.0874 AP 0.8648 | P@2 1.0000 P@3 0.9310 P@5 0.9833 P@7 0.9190 P@10 0.8700 P@12 0.8056 P@15 0.8800 P@17 0.8347 P@20 0.8125
Epoch 20/100 | Train Loss 0.0958 AP 0.8533 | Val Loss 0.0881 AP 0.8528 | P@2 1.0000 P@3 0.9080 P@5 0.8833 P@7 0.9286 P@10 0.8450 P@12 0.7937 P@15 0.8027 P@17 0.8627 P@20 0.8196
Epoch 21/100 | Train Loss 0.0954 AP 0.8398 | Val Loss 0.0916 AP 0.8435 | P@2 1.0000 P@3 0.9540 P@5 0.9500 P@7 0.9476 P@10 0.8550 P@12 0.8095 P@15 0.7973 P@17 0.8403 P@20 0.7911
Epoch 22/100 | Train Loss 0.0945 AP 0.8610 | Val Loss 0.0864 AP 0.8598 | P@2 1.0000 P@3 0.9310 P@5 0.9333 P@7 0.9619 P@10 0.8600 P@12 0.8254 P@15 0.8453 P@17 0.8347 P@20 0.8161
Epoch 23/100 | Train Loss 0.0953 AP 0.8701 | Val Loss 0.0857 AP 0.8632 | P@2 0.9545 P@3 0.9310 P@5 0.9500 P@7 0.9429 P@10 0.8350 P@12 0.8254 P@15 0.8240 P@17 0.8543 P@20 0.8071
Epoch 24/100 | Train Loss 0.0940 AP 0.8444 | Val Loss 0.0871 AP 0.8373 | P@2 1.0000 P@3 0.9310 P@5 0.9667 P@7 0.9333 P@10 0.8500 P@12 0.8294 P@15 0.8187 P@17 0.7983 P@20 0.7750
Epoch 25/100 | Train Loss 0.0946 AP 0.8628 | Val Loss 0.0870 AP 0.8552 | P@2 1.0000 P@3 0.9310 P@5 0.9833 P@7 0.9714 P@10 0.8350 P@12 0.8175 P@15 0.8053 P@17 0.7983 P@20 0.8339
Epoch 26/100 | Train Loss 0.0928 AP 0.8714 | Val Loss 0.0835 AP 0.8671 | P@2 1.0000 P@3 0.9540 P@5 0.9833 P@7 0.9524 P@10 0.8550 P@12 0.7937 P@15 0.8640 P@17 0.8095 P@20 0.8250
Epoch 27/100 | Train Loss 0.0923 AP 0.8778 | Val Loss 0.0826 AP 0.8707 | P@2 1.0000 P@3 0.9540 P@5 0.9667 P@7 0.9429 P@10 0.8450 P@12 0.8651 P@15 0.8320 P@17 0.8964 P@20 0.8321
Epoch 28/100 | Train Loss 0.0925 AP 0.8612 | Val Loss 0.0858 AP 0.8516 | P@2 1.0000 P@3 0.9540 P@5 0.9333 P@7 0.9286 P@10 0.8050 P@12 0.7937 P@15 0.8267 P@17 0.8711 P@20 0.7982
Epoch 29/100 | Train Loss 0.0919 AP 0.8702 | Val Loss 0.0846 AP 0.8604 | P@2 1.0000 P@3 0.9540 P@5 0.9667 P@7 0.9524 P@10 0.8450 P@12 0.8690 P@15 0.8213 P@17 0.8403 P@20 0.8339
Epoch 30/100 | Train Loss 0.0923 AP 0.8539 | Val Loss 0.0888 AP 0.8461 | P@2 1.0000 P@3 0.9770 P@5 0.9833 P@7 0.9333 P@10 0.8700 P@12 0.8016 P@15 0.8293 P@17 0.7983 P@20 0.8054
Epoch 31/100 | Train Loss 0.0920 AP 0.8541 | Val Loss 0.0854 AP 0.8469 | P@2 1.0000 P@3 0.9540 P@5 0.9500 P@7 0.9524 P@10 0.8550 P@12 0.7619 P@15 0.8373 P@17 0.8179 P@20 0.8125
Epoch 32/100 | Train Loss 0.0920 AP 0.8684 | Val Loss 0.0824 AP 0.8600 | P@2 1.0000 P@3 0.9540 P@5 0.9000 P@7 0.9143 P@10 0.8300 P@12 0.8532 P@15 0.8613 P@17 0.8711 P@20 0.8107
Epoch 33/100 | Train Loss 0.0917 AP 0.8678 | Val Loss 0.0866 AP 0.8602 | P@2 1.0000 P@3 0.9310 P@5 0.9500 P@7 0.9429 P@10 0.8550 P@12 0.8016 P@15 0.8373 P@17 0.8571 P@20 0.7929
Epoch 34/100 | Train Loss 0.0918 AP 0.8661 | Val Loss 0.0848 AP 0.8683 | P@2 0.9545 P@3 0.9770 P@5 0.9833 P@7 0.9286 P@10 0.7950 P@12 0.8889 P@15 0.8267 P@17 0.8796 P@20 0.8179
Epoch 35/100 | Train Loss 0.0912 AP 0.8672 | Val Loss 0.0813 AP 0.8701 | P@2 1.0000 P@3 0.9310 P@5 0.9667 P@7 0.9429 P@10 0.8450 P@12 0.8452 P@15 0.8560 P@17 0.7787 P@20 0.8232
Epoch 36/100 | Train Loss 0.0907 AP 0.8615 | Val Loss 0.0831 AP 0.8656 | P@2 1.0000 P@3 0.9540 P@5 0.9500 P@7 0.9048 P@10 0.9000 P@12 0.8492 P@15 0.8240 P@17 0.8291 P@20 0.8214
Epoch 37/100 | Train Loss 0.0905 AP 0.8703 | Val Loss 0.0815 AP 0.8811 | P@2 1.0000 P@3 0.9540 P@5 0.9667 P@7 0.9619 P@10 0.8400 P@12 0.8889 P@15 0.8427 P@17 0.8515 P@20 0.8446
Epoch 38/100 | Train Loss 0.0905 AP 0.8638 | Val Loss 0.0827 AP 0.8693 | P@2 1.0000 P@3 0.9080 P@5 0.9667 P@7 0.9524 P@10 0.8900 P@12 0.8294 P@15 0.8533 P@17 0.8487 P@20 0.8464
Epoch 39/100 | Train Loss 0.0899 AP 0.8424 | Val Loss 0.0889 AP 0.8345 | P@2 1.0000 P@3 0.9540 P@5 0.9333 P@7 0.9143 P@10 0.8450 P@12 0.7937 P@15 0.7973 P@17 0.8207 P@20 0.7857
Epoch 40/100 | Train Loss 0.0896 AP 0.8624 | Val Loss 0.0834 AP 0.8482 | P@2 1.0000 P@3 0.9310 P@5 0.9667 P@7 0.9619 P@10 0.8100 P@12 0.8333 P@15 0.8320 P@17 0.8011 P@20 0.8196
Epoch 41/100 | Train Loss 0.0900 AP 0.8735 | Val Loss 0.0812 AP 0.8681 | P@2 1.0000 P@3 0.9310 P@5 0.9667 P@7 0.9333 P@10 0.8750 P@12 0.8452 P@15 0.8587 P@17 0.8263 P@20 0.8411
Epoch 42/100 | Train Loss 0.0895 AP 0.8737 | Val Loss 0.0815 AP 0.8580 | P@2 1.0000 P@3 0.8851 P@5 0.9333 P@7 0.9714 P@10 0.7750 P@12 0.7937 P@15 0.8293 P@17 0.8375 P@20 0.8179
Epoch 43/100 | Train Loss 0.0898 AP 0.8667 | Val Loss 0.0870 AP 0.8691 | P@2 1.0000 P@3 0.9540 P@5 0.9500 P@7 0.9143 P@10 0.8700 P@12 0.8532 P@15 0.8667 P@17 0.8151 P@20 0.8161
Epoch 44/100 | Train Loss 0.0884 AP 0.8763 | Val Loss 0.0809 AP 0.8751 | P@2 1.0000 P@3 0.9540 P@5 0.9667 P@7 0.9333 P@10 0.8250 P@12 0.8611 P@15 0.8347 P@17 0.8599 P@20 0.8464
Epoch 45/100 | Train Loss 0.0883 AP 0.8827 | Val Loss 0.0802 AP 0.8821 | P@2 1.0000 P@3 0.9540 P@5 0.9500 P@7 0.9381 P@10 0.8800 P@12 0.8452 P@15 0.8613 P@17 0.8739 P@20 0.8304
Epoch 46/100 | Train Loss 0.0889 AP 0.8928 | Val Loss 0.0781 AP 0.9023 | P@2 1.0000 P@3 0.9540 P@5 0.9833 P@7 0.9429 P@10 0.9050 P@12 0.8968 P@15 0.8853 P@17 0.8964 P@20 0.8821
Epoch 47/100 | Train Loss 0.0891 AP 0.8905 | Val Loss 0.0809 AP 0.8735 | P@2 1.0000 P@3 0.9770 P@5 0.9667 P@7 0.9619 P@10 0.8500 P@12 0.8294 P@15 0.8667 P@17 0.8291 P@20 0.8589
Epoch 48/100 | Train Loss 0.0886 AP 0.8878 | Val Loss 0.0789 AP 0.8813 | P@2 0.9545 P@3 0.9310 P@5 0.9833 P@7 0.9429 P@10 0.8650 P@12 0.8770 P@15 0.8667 P@17 0.8711 P@20 0.8411
Epoch 49/100 | Train Loss 0.0886 AP 0.8695 | Val Loss 0.0799 AP 0.8658 | P@2 1.0000 P@3 0.9540 P@5 0.9667 P@7 0.9238 P@10 0.8850 P@12 0.8333 P@15 0.8480 P@17 0.8796 P@20 0.8000
Epoch 50/100 | Train Loss 0.0883 AP 0.8765 | Val Loss 0.0802 AP 0.8699 | P@2 0.9545 P@3 0.9770 P@5 1.0000 P@7 0.9476 P@10 0.8550 P@12 0.8611 P@15 0.8613 P@17 0.8683 P@20 0.8143
Epoch 51/100 | Train Loss 0.0880 AP 0.8726 | Val Loss 0.0830 AP 0.8618 | P@2 1.0000 P@3 0.9770 P@5 0.9167 P@7 0.9333 P@10 0.8500 P@12 0.8413 P@15 0.8640 P@17 0.8263 P@20 0.8536
Epoch 52/100 | Train Loss 0.0875 AP 0.8782 | Val Loss 0.0813 AP 0.8739 | P@2 1.0000 P@3 0.9770 P@5 0.9833 P@7 0.9429 P@10 0.8350 P@12 0.8571 P@15 0.8160 P@17 0.8459 P@20 0.8339
Epoch 53/100 | Train Loss 0.0879 AP 0.8866 | Val Loss 0.0795 AP 0.8928 | P@2 0.9545 P@3 0.9770 P@5 0.9500 P@7 0.9429 P@10 0.8750 P@12 0.9048 P@15 0.8560 P@17 0.8291 P@20 0.8571
Epoch 54/100 | Train Loss 0.0876 AP 0.8527 | Val Loss 0.0861 AP 0.8582 | P@2 1.0000 P@3 0.9310 P@5 0.9833 P@7 0.9524 P@10 0.8350 P@12 0.8175 P@15 0.8640 P@17 0.8431 P@20 0.8125
Epoch 55/100 | Train Loss 0.0875 AP 0.8804 | Val Loss 0.0833 AP 0.8739 | P@2 1.0000 P@3 0.9770 P@5 0.9333 P@7 0.9143 P@10 0.8700 P@12 0.8452 P@15 0.8560 P@17 0.8543 P@20 0.8214
Epoch 56/100 | Train Loss 0.0878 AP 0.8733 | Val Loss 0.0821 AP 0.8693 | P@2 1.0000 P@3 0.9310 P@5 0.9833 P@7 0.9381 P@10 0.8950 P@12 0.8373 P@15 0.8320 P@17 0.8627 P@20 0.8571
Epoch 57/100 | Train Loss 0.0869 AP 0.8802 | Val Loss 0.0798 AP 0.8709 | P@2 1.0000 P@3 1.0000 P@5 0.9333 P@7 0.9238 P@10 0.8300 P@12 0.8770 P@15 0.8293 P@17 0.8375 P@20 0.8500
Epoch 58/100 | Train Loss 0.0870 AP 0.8880 | Val Loss 0.0777 AP 0.8813 | P@2 1.0000 P@3 1.0000 P@5 0.9833 P@7 0.9333 P@10 0.8750 P@12 0.9008 P@15 0.8453 P@17 0.8263 P@20 0.8607
Epoch 59/100 | Train Loss 0.0865 AP 0.8779 | Val Loss 0.0827 AP 0.8737 | P@2 1.0000 P@3 0.9540 P@5 0.9333 P@7 0.9381 P@10 0.8600 P@12 0.8413 P@15 0.8507 P@17 0.8683 P@20 0.8411
Epoch 60/100 | Train Loss 0.0874 AP 0.8880 | Val Loss 0.0825 AP 0.8801 | P@2 1.0000 P@3 1.0000 P@5 0.9833 P@7 0.9333 P@10 0.8750 P@12 0.8254 P@15 0.8587 P@17 0.8739 P@20 0.8661
Epoch 61/100 | Train Loss 0.0871 AP 0.8904 | Val Loss 0.0799 AP 0.8928 | P@2 1.0000 P@3 0.9770 P@5 0.9833 P@7 0.9429 P@10 0.8600 P@12 0.8294 P@15 0.8747 P@17 0.9020 P@20 0.8464
Epoch 62/100 | Train Loss 0.0879 AP 0.8453 | Val Loss 0.0906 AP 0.8335 | P@2 1.0000 P@3 0.9310 P@5 0.9500 P@7 0.9000 P@10 0.7500 P@12 0.8135 P@15 0.8107 P@17 0.7955 P@20 0.7982
Epoch 63/100 | Train Loss 0.0874 AP 0.8879 | Val Loss 0.0792 AP 0.8785 | P@2 1.0000 P@3 0.9310 P@5 0.9833 P@7 0.9571 P@10 0.8550 P@12 0.8611 P@15 0.8240 P@17 0.8487 P@20 0.8232
Epoch 64/100 | Train Loss 0.0871 AP 0.8876 | Val Loss 0.0792 AP 0.8747 | P@2 1.0000 P@3 0.9770 P@5 0.9833 P@7 0.9714 P@10 0.8950 P@12 0.8373 P@15 0.8480 P@17 0.8599 P@20 0.8214
Epoch 65/100 | Train Loss 0.0871 AP 0.8906 | Val Loss 0.0802 AP 0.8860 | P@2 1.0000 P@3 0.9770 P@5 0.9667 P@7 0.9238 P@10 0.9200 P@12 0.8968 P@15 0.8720 P@17 0.8291 P@20 0.8643
Epoch 66/100 | Train Loss 0.0868 AP 0.8563 | Val Loss 0.0874 AP 0.8564 | P@2 0.9545 P@3 0.9770 P@5 0.9833 P@7 0.9190 P@10 0.8800 P@12 0.8611 P@15 0.8480 P@17 0.8095 P@20 0.8268
Epoch 67/100 | Train Loss 0.0870 AP 0.8686 | Val Loss 0.0849 AP 0.8540 | P@2 1.0000 P@3 0.9540 P@5 0.9833 P@7 0.9476 P@10 0.8200 P@12 0.8294 P@15 0.8160 P@17 0.7927 P@20 0.8054
Epoch 68/100 | Train Loss 0.0864 AP 0.8695 | Val Loss 0.0840 AP 0.8560 | P@2 1.0000 P@3 0.9310 P@5 0.9167 P@7 0.9619 P@10 0.8650 P@12 0.8254 P@15 0.8320 P@17 0.8095 P@20 0.8036
Epoch 69/100 | Train Loss 0.0863 AP 0.8857 | Val Loss 0.0804 AP 0.8789 | P@2 1.0000 P@3 0.9770 P@5 0.9667 P@7 0.9429 P@10 0.9350 P@12 0.8651 P@15 0.8560 P@17 0.8571 P@20 0.8357
Epoch 70/100 | Train Loss 0.0867 AP 0.8791 | Val Loss 0.0816 AP 0.8775 | P@2 1.0000 P@3 0.9540 P@5 1.0000 P@7 0.9619 P@10 0.9100 P@12 0.8373 P@15 0.8373 P@17 0.8263 P@20 0.8589
Epoch 71/100 | Train Loss 0.0867 AP 0.8809 | Val Loss 0.0807 AP 0.8711 | P@2 1.0000 P@3 0.9540 P@5 0.9667 P@7 0.9381 P@10 0.8500 P@12 0.8849 P@15 0.8320 P@17 0.8347 P@20 0.8411
Epoch 72/100 | Train Loss 0.0861 AP 0.8775 | Val Loss 0.0806 AP 0.8795 | P@2 1.0000 P@3 0.9310 P@5 0.9667 P@7 0.9333 P@10 0.8650 P@12 0.8889 P@15 0.8773 P@17 0.8655 P@20 0.8643
Epoch 73/100 | Train Loss 0.0866 AP 0.8841 | Val Loss 0.0880 AP 0.8864 | P@2 0.9545 P@3 0.9310 P@5 1.0000 P@7 0.9810 P@10 0.9250 P@12 0.8373 P@15 0.8667 P@17 0.8908 P@20 0.8214
Epoch 74/100 | Train Loss 0.0864 AP 0.8660 | Val Loss 0.0844 AP 0.8660 | P@2 1.0000 P@3 0.9540 P@5 0.9667 P@7 0.9048 P@10 0.8300 P@12 0.8532 P@15 0.8373 P@17 0.8403 P@20 0.8214
Epoch 75/100 | Train Loss 0.0866 AP 0.8804 | Val Loss 0.0819 AP 0.8701 | P@2 1.0000 P@3 0.9310 P@5 0.9500 P@7 0.9524 P@10 0.8900 P@12 0.8532 P@15 0.8693 P@17 0.8403 P@20 0.8286
Epoch 76/100 | Train Loss 0.0868 AP 0.8915 | Val Loss 0.0773 AP 0.8815 | P@2 1.0000 P@3 0.9770 P@5 0.9667 P@7 0.9429 P@10 0.8300 P@12 0.8810 P@15 0.8640 P@17 0.8627 P@20 0.8339
Epoch 77/100 | Train Loss 0.0859 AP 0.8836 | Val Loss 0.0848 AP 0.8773 | P@2 1.0000 P@3 0.9770 P@5 0.9333 P@7 0.9238 P@10 0.9050 P@12 0.8730 P@15 0.8507 P@17 0.8375 P@20 0.8411
Epoch 78/100 | Train Loss 0.0863 AP 0.8919 | Val Loss 0.0770 AP 0.8892 | P@2 1.0000 P@3 0.9770 P@5 0.9500 P@7 0.9333 P@10 0.8700 P@12 0.8611 P@15 0.8667 P@17 0.8992 P@20 0.8554
Epoch 79/100 | Train Loss 0.0864 AP 0.8883 | Val Loss 0.0795 AP 0.8839 | P@2 1.0000 P@3 0.9540 P@5 0.9667 P@7 0.9429 P@10 0.8350 P@12 0.8770 P@15 0.8880 P@17 0.8683 P@20 0.8536
Epoch 80/100 | Train Loss 0.0862 AP 0.8787 | Val Loss 0.0822 AP 0.8831 | P@2 1.0000 P@3 0.9770 P@5 0.9667 P@7 0.9143 P@10 0.9200 P@12 0.8571 P@15 0.8533 P@17 0.8403 P@20 0.8518
Epoch 81/100 | Train Loss 0.0860 AP 0.8711 | Val Loss 0.0839 AP 0.8697 | P@2 1.0000 P@3 0.9770 P@5 0.9833 P@7 0.9429 P@10 0.9100 P@12 0.8413 P@15 0.8373 P@17 0.8431 P@20 0.8089
Epoch 82/100 | Train Loss 0.0863 AP 0.8865 | Val Loss 0.0796 AP 0.8862 | P@2 1.0000 P@3 1.0000 P@5 0.9833 P@7 0.9143 P@10 0.8650 P@12 0.9087 P@15 0.8480 P@17 0.8739 P@20 0.8250
Epoch 83/100 | Train Loss 0.0864 AP 0.8851 | Val Loss 0.0811 AP 0.8731 | P@2 1.0000 P@3 0.9770 P@5 0.9500 P@7 0.9238 P@10 0.8650 P@12 0.8730 P@15 0.8560 P@17 0.8319 P@20 0.8429
Epoch 84/100 | Train Loss 0.0861 AP 0.8812 | Val Loss 0.0795 AP 0.8835 | P@2 1.0000 P@3 0.9540 P@5 0.9500 P@7 0.9714 P@10 0.8700 P@12 0.8770 P@15 0.8693 P@17 0.8543 P@20 0.8482
Epoch 85/100 | Train Loss 0.0868 AP 0.8569 | Val Loss 0.0835 AP 0.8550 | P@2 1.0000 P@3 0.9540 P@5 0.9667 P@7 0.9048 P@10 0.8600 P@12 0.8254 P@15 0.8080 P@17 0.7955 P@20 0.8411
Epoch 86/100 | Train Loss 0.0863 AP 0.8856 | Val Loss 0.0792 AP 0.8777 | P@2 1.0000 P@3 0.9770 P@5 0.9833 P@7 0.9238 P@10 0.8700 P@12 0.8571 P@15 0.8640 P@17 0.8571 P@20 0.8339
Epoch 87/100 | Train Loss 0.0862 AP 0.8704 | Val Loss 0.0814 AP 0.8652 | P@2 1.0000 P@3 0.9540 P@5 0.9500 P@7 0.9524 P@10 0.7800 P@12 0.8373 P@15 0.8453 P@17 0.8375 P@20 0.8143
Epoch 88/100 | Train Loss 0.0854 AP 0.8874 | Val Loss 0.0783 AP 0.8787 | P@2 0.9545 P@3 1.0000 P@5 0.9167 P@7 0.9333 P@10 0.8650 P@12 0.8373 P@15 0.8187 P@17 0.8599 P@20 0.8464
Epoch 89/100 | Train Loss 0.0863 AP 0.8958 | Val Loss 0.0799 AP 0.8932 | P@2 1.0000 P@3 0.9540 P@5 0.9833 P@7 0.9429 P@10 0.8600 P@12 0.8611 P@15 0.8773 P@17 0.8599 P@20 0.8714
Epoch 90/100 | Train Loss 0.0863 AP 0.8847 | Val Loss 0.0789 AP 0.8938 | P@2 0.9545 P@3 0.9770 P@5 0.9667 P@7 0.9333 P@10 0.9300 P@12 0.8810 P@15 0.8800 P@17 0.8515 P@20 0.8804
Epoch 91/100 | Train Loss 0.0857 AP 0.8795 | Val Loss 0.0804 AP 0.8787 | P@2 0.9545 P@3 0.9770 P@5 0.9833 P@7 0.9619 P@10 0.8850 P@12 0.8135 P@15 0.8640 P@17 0.8067 P@20 0.8411
Epoch 92/100 | Train Loss 0.0858 AP 0.8936 | Val Loss 0.0846 AP 0.9085 | P@2 1.0000 P@3 0.9770 P@5 0.9667 P@7 0.9286 P@10 0.9100 P@12 0.8730 P@15 0.8907 P@17 0.9328 P@20 0.9054
Epoch 93/100 | Train Loss 0.0858 AP 0.8885 | Val Loss 0.0795 AP 0.8825 | P@2 1.0000 P@3 0.9770 P@5 0.9667 P@7 0.9429 P@10 0.8600 P@12 0.8849 P@15 0.8533 P@17 0.8824 P@20 0.8661
Epoch 94/100 | Train Loss 0.0864 AP 0.8913 | Val Loss 0.0786 AP 0.8964 | P@2 1.0000 P@3 1.0000 P@5 0.9833 P@7 0.9429 P@10 0.9050 P@12 0.8849 P@15 0.8480 P@17 0.8683 P@20 0.8357
Epoch 95/100 | Train Loss 0.0852 AP 0.8848 | Val Loss 0.0823 AP 0.8715 | P@2 0.9545 P@3 1.0000 P@5 0.9667 P@7 0.9143 P@10 0.8750 P@12 0.8492 P@15 0.8480 P@17 0.8319 P@20 0.8321
Epoch 96/100 | Train Loss 0.0857 AP 0.8904 | Val Loss 0.0817 AP 0.8910 | P@2 1.0000 P@3 0.9770 P@5 0.9667 P@7 0.9714 P@10 0.8600 P@12 0.8333 P@15 0.9067 P@17 0.8459 P@20 0.8554
Epoch 97/100 | Train Loss 0.0861 AP 0.8861 | Val Loss 0.0813 AP 0.8852 | P@2 1.0000 P@3 0.9770 P@5 0.9500 P@7 0.9619 P@10 0.8450 P@12 0.8452 P@15 0.8240 P@17 0.8599 P@20 0.8554
Epoch 98/100 | Train Loss 0.0856 AP 0.8742 | Val Loss 0.0885 AP 0.8761 | P@2 1.0000 P@3 0.9540 P@5 0.9667 P@7 0.9429 P@10 0.8650 P@12 0.8492 P@15 0.8373 P@17 0.8319 P@20 0.8446
Epoch 99/100 | Train Loss 0.0853 AP 0.8861 | Val Loss 0.1724 AP 0.8803 | P@2 1.0000 P@3 1.0000 P@5 0.9667 P@7 0.9333 P@10 0.8850 P@12 0.8294 P@15 0.8987 P@17 0.8375 P@20 0.8607
Epoch 100/100 | Train Loss 0.0862 AP 0.8791 | Val Loss 0.0827 AP 0.8767 | P@2 1.0000 P@3 0.9540 P@5 1.0000 P@7 0.9143 P@10 0.8600 P@12 0.8294 P@15 0.8400 P@17 0.8992 P@20 0.8268

Run Config
epochs=100
batch_size=64
lr=0.001
weight_decay=0.0001
margin=1.8
num_workers=2
train_path=data/train_trajectories.npy
test_path=data/test_trajectories.npy
device=cuda
model.feature_dim=6
model.hidden_dim=128
model.num_layers=2
model.conv_channels=32
model.embed_dim=32
model.dropout=0.1
--- end ---
