Epoch 1/100 | Train Loss 0.2723 AP 0.6216 | Val Loss 0.2192 AP 0.6249 | P@2 0.9091 P@3 0.8851 P@5 0.7667 P@7 0.8524 P@10 0.6350 P@12 0.6389 P@15 0.5280 P@17 0.4958 P@20 0.5018
Epoch 2/100 | Train Loss 0.2026 AP 0.7189 | Val Loss 0.2334 AP 0.7237 | P@2 0.9545 P@3 0.9540 P@5 0.9167 P@7 0.8905 P@10 0.7250 P@12 0.7103 P@15 0.6933 P@17 0.6611 P@20 0.6429
Epoch 3/100 | Train Loss 0.1879 AP 0.7489 | Val Loss 0.1793 AP 0.7430 | P@2 1.0000 P@3 0.8851 P@5 0.8833 P@7 0.9000 P@10 0.7900 P@12 0.7619 P@15 0.6800 P@17 0.7171 P@20 0.6857
Epoch 4/100 | Train Loss 0.1817 AP 0.7663 | Val Loss 0.1682 AP 0.7687 | P@2 0.9545 P@3 0.9540 P@5 0.9167 P@7 0.8952 P@10 0.7550 P@12 0.7579 P@15 0.7627 P@17 0.7339 P@20 0.7036
Epoch 5/100 | Train Loss 0.1773 AP 0.7629 | Val Loss 0.1896 AP 0.7580 | P@2 1.0000 P@3 0.9770 P@5 0.9083 P@7 0.8905 P@10 0.7800 P@12 0.7659 P@15 0.7333 P@17 0.6723 P@20 0.6821
Epoch 6/100 | Train Loss 0.1736 AP 0.7754 | Val Loss 0.1789 AP 0.7824 | P@2 0.9545 P@3 0.8621 P@5 0.9500 P@7 0.9429 P@10 0.7850 P@12 0.8095 P@15 0.7520 P@17 0.7143 P@20 0.7500
Epoch 7/100 | Train Loss 0.1707 AP 0.7682 | Val Loss 0.1636 AP 0.7691 | P@2 0.9545 P@3 0.8851 P@5 0.9333 P@7 0.8857 P@10 0.7400 P@12 0.7500 P@15 0.6933 P@17 0.7507 P@20 0.7339
Epoch 8/100 | Train Loss 0.1706 AP 0.7862 | Val Loss 0.1590 AP 0.7888 | P@2 1.0000 P@3 0.8391 P@5 0.9833 P@7 0.9190 P@10 0.7600 P@12 0.7817 P@15 0.7760 P@17 0.7395 P@20 0.7107
Epoch 9/100 | Train Loss 0.1684 AP 0.7914 | Val Loss 0.1815 AP 0.7902 | P@2 0.9545 P@3 0.8851 P@5 0.9500 P@7 0.8857 P@10 0.8100 P@12 0.7659 P@15 0.7360 P@17 0.7535 P@20 0.7750
Epoch 10/100 | Train Loss 0.1667 AP 0.7805 | Val Loss 0.1618 AP 0.7687 | P@2 1.0000 P@3 0.8851 P@5 0.9000 P@7 0.9095 P@10 0.7300 P@12 0.7659 P@15 0.7653 P@17 0.7255 P@20 0.7304
Epoch 11/100 | Train Loss 0.1649 AP 0.7929 | Val Loss 0.1598 AP 0.7934 | P@2 0.9545 P@3 0.9770 P@5 0.9333 P@7 0.9333 P@10 0.7600 P@12 0.7659 P@15 0.7680 P@17 0.7423 P@20 0.7375
Epoch 12/100 | Train Loss 0.1644 AP 0.8106 | Val Loss 0.2041 AP 0.7993 | P@2 1.0000 P@3 1.0000 P@5 0.9167 P@7 0.9333 P@10 0.8000 P@12 0.8175 P@15 0.7680 P@17 0.7759 P@20 0.7571
Epoch 13/100 | Train Loss 0.1621 AP 0.8181 | Val Loss 0.1514 AP 0.8105 | P@2 1.0000 P@3 0.9540 P@5 0.9333 P@7 0.9333 P@10 0.8450 P@12 0.8135 P@15 0.7600 P@17 0.7843 P@20 0.7571
Epoch 14/100 | Train Loss 0.1609 AP 0.8183 | Val Loss 0.1492 AP 0.8021 | P@2 1.0000 P@3 0.9310 P@5 0.9000 P@7 0.8857 P@10 0.7900 P@12 0.8016 P@15 0.7547 P@17 0.7759 P@20 0.7518
Epoch 15/100 | Train Loss 0.1598 AP 0.8247 | Val Loss 0.1457 AP 0.8272 | P@2 0.9545 P@3 0.9770 P@5 0.9000 P@7 0.9333 P@10 0.8450 P@12 0.7540 P@15 0.8187 P@17 0.8039 P@20 0.7696
Epoch 16/100 | Train Loss 0.1571 AP 0.8331 | Val Loss 0.1454 AP 0.8311 | P@2 1.0000 P@3 1.0000 P@5 0.9667 P@7 0.9619 P@10 0.8250 P@12 0.7778 P@15 0.8213 P@17 0.7815 P@20 0.7679
Epoch 17/100 | Train Loss 0.1560 AP 0.8258 | Val Loss 0.1461 AP 0.8262 | P@2 0.9545 P@3 0.9770 P@5 0.9833 P@7 0.9190 P@10 0.8100 P@12 0.7857 P@15 0.8347 P@17 0.7339 P@20 0.8018
Epoch 18/100 | Train Loss 0.1558 AP 0.8074 | Val Loss 0.1548 AP 0.7949 | P@2 1.0000 P@3 0.9770 P@5 0.8833 P@7 0.9333 P@10 0.7450 P@12 0.7619 P@15 0.7680 P@17 0.7507 P@20 0.7286
Epoch 19/100 | Train Loss 0.1547 AP 0.8462 | Val Loss 0.1460 AP 0.8341 | P@2 1.0000 P@3 0.9770 P@5 0.9667 P@7 0.9429 P@10 0.8200 P@12 0.8214 P@15 0.8027 P@17 0.7535 P@20 0.7929
Epoch 20/100 | Train Loss 0.1541 AP 0.8468 | Val Loss 0.1435 AP 0.8355 | P@2 1.0000 P@3 0.9540 P@5 0.9500 P@7 0.9190 P@10 0.8100 P@12 0.8690 P@15 0.8213 P@17 0.7955 P@20 0.7804
Epoch 21/100 | Train Loss 0.1541 AP 0.8401 | Val Loss 0.1454 AP 0.8427 | P@2 1.0000 P@3 0.9310 P@5 0.9667 P@7 0.9571 P@10 0.8500 P@12 0.8135 P@15 0.7920 P@17 0.8263 P@20 0.7982
Epoch 22/100 | Train Loss 0.1535 AP 0.8506 | Val Loss 0.1412 AP 0.8435 | P@2 1.0000 P@3 0.8851 P@5 0.9667 P@7 0.9571 P@10 0.8150 P@12 0.8452 P@15 0.8000 P@17 0.8123 P@20 0.7839
Epoch 23/100 | Train Loss 0.1531 AP 0.8482 | Val Loss 0.1848 AP 0.8457 | P@2 0.9545 P@3 0.9770 P@5 0.9333 P@7 0.8952 P@10 0.8450 P@12 0.8214 P@15 0.8373 P@17 0.8067 P@20 0.7929
Epoch 24/100 | Train Loss 0.1534 AP 0.8494 | Val Loss 0.1431 AP 0.8510 | P@2 1.0000 P@3 0.9540 P@5 0.9333 P@7 0.9190 P@10 0.7950 P@12 0.8492 P@15 0.8347 P@17 0.8095 P@20 0.8214
Epoch 25/100 | Train Loss 0.1522 AP 0.8424 | Val Loss 0.1481 AP 0.8405 | P@2 1.0000 P@3 0.9540 P@5 0.9667 P@7 0.9381 P@10 0.8450 P@12 0.7857 P@15 0.8027 P@17 0.7843 P@20 0.7982
Epoch 26/100 | Train Loss 0.1525 AP 0.8491 | Val Loss 0.1427 AP 0.8461 | P@2 1.0000 P@3 0.9770 P@5 0.9667 P@7 0.9429 P@10 0.8300 P@12 0.8333 P@15 0.8427 P@17 0.8543 P@20 0.8071
Epoch 27/100 | Train Loss 0.1518 AP 0.8595 | Val Loss 0.1394 AP 0.8550 | P@2 1.0000 P@3 0.9770 P@5 0.9833 P@7 0.9286 P@10 0.8850 P@12 0.8571 P@15 0.7947 P@17 0.8011 P@20 0.8071
Epoch 28/100 | Train Loss 0.1515 AP 0.8395 | Val Loss 0.1465 AP 0.8276 | P@2 1.0000 P@3 0.9080 P@5 0.9500 P@7 0.8952 P@10 0.8050 P@12 0.8175 P@15 0.8080 P@17 0.7955 P@20 0.7893
Epoch 29/100 | Train Loss 0.1511 AP 0.8485 | Val Loss 0.1450 AP 0.8395 | P@2 0.9545 P@3 0.9770 P@5 0.9667 P@7 0.9190 P@10 0.8150 P@12 0.8175 P@15 0.8187 P@17 0.8039 P@20 0.7768
Epoch 30/100 | Train Loss 0.1506 AP 0.8589 | Val Loss 0.1484 AP 0.8532 | P@2 0.9545 P@3 0.9770 P@5 0.9833 P@7 0.9143 P@10 0.8400 P@12 0.7976 P@15 0.7893 P@17 0.8711 P@20 0.8304
Epoch 31/100 | Train Loss 0.1507 AP 0.8637 | Val Loss 0.1429 AP 0.8536 | P@2 1.0000 P@3 1.0000 P@5 0.9833 P@7 0.9524 P@10 0.8500 P@12 0.8492 P@15 0.8400 P@17 0.8207 P@20 0.8179
Epoch 32/100 | Train Loss 0.1508 AP 0.8411 | Val Loss 0.1428 AP 0.8313 | P@2 1.0000 P@3 1.0000 P@5 0.9333 P@7 0.9238 P@10 0.8350 P@12 0.8254 P@15 0.7973 P@17 0.7815 P@20 0.7929
Epoch 33/100 | Train Loss 0.1502 AP 0.8216 | Val Loss 0.1786 AP 0.8053 | P@2 0.9545 P@3 0.9770 P@5 0.9167 P@7 0.9048 P@10 0.8350 P@12 0.7976 P@15 0.7733 P@17 0.7927 P@20 0.7196
Epoch 34/100 | Train Loss 0.1509 AP 0.8445 | Val Loss 0.1448 AP 0.8449 | P@2 1.0000 P@3 0.9770 P@5 0.9667 P@7 0.9286 P@10 0.8700 P@12 0.8492 P@15 0.8347 P@17 0.8571 P@20 0.7821
Epoch 35/100 | Train Loss 0.1505 AP 0.8237 | Val Loss 0.1440 AP 0.8117 | P@2 1.0000 P@3 0.9310 P@5 0.9333 P@7 0.9190 P@10 0.7900 P@12 0.8135 P@15 0.7867 P@17 0.7395 P@20 0.7589
Epoch 36/100 | Train Loss 0.1505 AP 0.8553 | Val Loss 0.1406 AP 0.8455 | P@2 1.0000 P@3 0.9770 P@5 0.9667 P@7 0.9095 P@10 0.8400 P@12 0.8333 P@15 0.7733 P@17 0.8403 P@20 0.7982
Epoch 37/100 | Train Loss 0.1500 AP 0.8537 | Val Loss 0.1459 AP 0.8502 | P@2 1.0000 P@3 1.0000 P@5 0.9667 P@7 0.9048 P@10 0.8400 P@12 0.8333 P@15 0.8080 P@17 0.8179 P@20 0.7964
Epoch 38/100 | Train Loss 0.1494 AP 0.8477 | Val Loss 0.1441 AP 0.8401 | P@2 0.9545 P@3 0.9770 P@5 0.9167 P@7 0.8667 P@10 0.8350 P@12 0.8135 P@15 0.8160 P@17 0.8571 P@20 0.7946
Epoch 39/100 | Train Loss 0.1490 AP 0.8588 | Val Loss 0.1428 AP 0.8546 | P@2 1.0000 P@3 0.9540 P@5 0.9500 P@7 0.9619 P@10 0.8850 P@12 0.8532 P@15 0.8027 P@17 0.8123 P@20 0.8107
Epoch 40/100 | Train Loss 0.1501 AP 0.8269 | Val Loss 0.1436 AP 0.8359 | P@2 1.0000 P@3 0.9770 P@5 0.9667 P@7 0.9143 P@10 0.8550 P@12 0.7976 P@15 0.8400 P@17 0.7983 P@20 0.7554
Epoch 41/100 | Train Loss 0.1500 AP 0.8641 | Val Loss 0.1567 AP 0.8596 | P@2 1.0000 P@3 1.0000 P@5 0.9500 P@7 0.9190 P@10 0.8600 P@12 0.8294 P@15 0.8267 P@17 0.8543 P@20 0.8179
Epoch 42/100 | Train Loss 0.1491 AP 0.8477 | Val Loss 0.1421 AP 0.8379 | P@2 1.0000 P@3 0.9310 P@5 0.9667 P@7 0.9238 P@10 0.8500 P@12 0.8294 P@15 0.8133 P@17 0.8039 P@20 0.7821
Epoch 43/100 | Train Loss 0.1502 AP 0.8720 | Val Loss 0.1410 AP 0.8594 | P@2 1.0000 P@3 1.0000 P@5 0.9667 P@7 0.9190 P@10 0.8250 P@12 0.8492 P@15 0.8533 P@17 0.8459 P@20 0.8089
Epoch 44/100 | Train Loss 0.1498 AP 0.8642 | Val Loss 0.1410 AP 0.8566 | P@2 1.0000 P@3 0.9310 P@5 0.9667 P@7 0.9429 P@10 0.8550 P@12 0.8333 P@15 0.8507 P@17 0.8319 P@20 0.8089
Epoch 45/100 | Train Loss 0.1490 AP 0.8662 | Val Loss 0.1395 AP 0.8658 | P@2 0.9545 P@3 0.9540 P@5 0.9667 P@7 0.9429 P@10 0.8050 P@12 0.8452 P@15 0.8560 P@17 0.8599 P@20 0.8196
Epoch 46/100 | Train Loss 0.1481 AP 0.8443 | Val Loss 0.1446 AP 0.8331 | P@2 1.0000 P@3 0.9770 P@5 0.9667 P@7 0.9333 P@10 0.8550 P@12 0.7897 P@15 0.8000 P@17 0.7871 P@20 0.7804
Epoch 47/100 | Train Loss 0.1491 AP 0.8630 | Val Loss 0.1392 AP 0.8475 | P@2 0.9545 P@3 0.9540 P@5 0.9333 P@7 0.8952 P@10 0.8200 P@12 0.8849 P@15 0.8213 P@17 0.8095 P@20 0.8250
Epoch 48/100 | Train Loss 0.1488 AP 0.8662 | Val Loss 0.1389 AP 0.8486 | P@2 1.0000 P@3 0.9310 P@5 0.9500 P@7 0.9238 P@10 0.8250 P@12 0.8492 P@15 0.7947 P@17 0.8627 P@20 0.7946
Epoch 49/100 | Train Loss 0.1480 AP 0.8571 | Val Loss 0.1418 AP 0.8638 | P@2 1.0000 P@3 0.9770 P@5 0.9333 P@7 0.9524 P@10 0.8400 P@12 0.8254 P@15 0.8640 P@17 0.8543 P@20 0.8196
Epoch 50/100 | Train Loss 0.1480 AP 0.8556 | Val Loss 0.1442 AP 0.8492 | P@2 1.0000 P@3 0.9770 P@5 0.9333 P@7 0.9095 P@10 0.8700 P@12 0.8095 P@15 0.8213 P@17 0.8571 P@20 0.8250
Epoch 51/100 | Train Loss 0.1484 AP 0.8511 | Val Loss 0.1427 AP 0.8441 | P@2 1.0000 P@3 0.9310 P@5 0.9333 P@7 0.8905 P@10 0.8450 P@12 0.8413 P@15 0.8427 P@17 0.8403 P@20 0.7732
Epoch 52/100 | Train Loss 0.1483 AP 0.8698 | Val Loss 0.1360 AP 0.8636 | P@2 1.0000 P@3 1.0000 P@5 0.9333 P@7 0.9333 P@10 0.8450 P@12 0.8492 P@15 0.8507 P@17 0.8459 P@20 0.8321
Epoch 53/100 | Train Loss 0.1483 AP 0.8674 | Val Loss 0.1382 AP 0.8572 | P@2 0.9545 P@3 0.9540 P@5 0.9333 P@7 0.9190 P@10 0.8150 P@12 0.8611 P@15 0.8373 P@17 0.8207 P@20 0.8000
Epoch 54/100 | Train Loss 0.1483 AP 0.8575 | Val Loss 0.1398 AP 0.8534 | P@2 1.0000 P@3 0.9770 P@5 0.9833 P@7 0.9286 P@10 0.9000 P@12 0.8294 P@15 0.8533 P@17 0.8599 P@20 0.7696
Epoch 55/100 | Train Loss 0.1482 AP 0.8578 | Val Loss 0.1415 AP 0.8502 | P@2 0.9545 P@3 0.9770 P@5 0.9167 P@7 0.9048 P@10 0.9050 P@12 0.8333 P@15 0.8187 P@17 0.8095 P@20 0.8125
Epoch 56/100 | Train Loss 0.1482 AP 0.8497 | Val Loss 0.1405 AP 0.8381 | P@2 1.0000 P@3 0.9310 P@5 0.9667 P@7 0.9238 P@10 0.9000 P@12 0.8294 P@15 0.7760 P@17 0.7871 P@20 0.7946
Epoch 57/100 | Train Loss 0.1477 AP 0.8488 | Val Loss 0.1404 AP 0.8486 | P@2 1.0000 P@3 0.9770 P@5 0.9667 P@7 0.9429 P@10 0.8100 P@12 0.8294 P@15 0.8347 P@17 0.8459 P@20 0.8143
Epoch 58/100 | Train Loss 0.1479 AP 0.8508 | Val Loss 0.1409 AP 0.8435 | P@2 1.0000 P@3 0.9310 P@5 0.9833 P@7 0.9143 P@10 0.8500 P@12 0.8135 P@15 0.7813 P@17 0.8039 P@20 0.7964
Epoch 59/100 | Train Loss 0.1477 AP 0.8668 | Val Loss 0.1403 AP 0.8594 | P@2 0.9545 P@3 0.9540 P@5 0.9333 P@7 0.9381 P@10 0.8150 P@12 0.8135 P@15 0.8240 P@17 0.8375 P@20 0.8339
Epoch 60/100 | Train Loss 0.1475 AP 0.8401 | Val Loss 0.1470 AP 0.8427 | P@2 0.9545 P@3 0.9540 P@5 0.9500 P@7 0.8952 P@10 0.8900 P@12 0.8294 P@15 0.8053 P@17 0.8039 P@20 0.8393
Epoch 61/100 | Train Loss 0.1466 AP 0.8583 | Val Loss 0.1410 AP 0.8506 | P@2 1.0000 P@3 0.9540 P@5 0.9333 P@7 0.9429 P@10 0.8900 P@12 0.8333 P@15 0.8053 P@17 0.8347 P@20 0.7946
Epoch 62/100 | Train Loss 0.1470 AP 0.8665 | Val Loss 0.1397 AP 0.8556 | P@2 0.9545 P@3 0.9310 P@5 0.9667 P@7 0.9143 P@10 0.8400 P@12 0.8214 P@15 0.7840 P@17 0.8403 P@20 0.8196
Epoch 63/100 | Train Loss 0.1468 AP 0.8430 | Val Loss 0.1384 AP 0.8298 | P@2 0.9545 P@3 0.9310 P@5 0.9333 P@7 0.8905 P@10 0.8150 P@12 0.7381 P@15 0.8133 P@17 0.8039 P@20 0.7571
Epoch 64/100 | Train Loss 0.1473 AP 0.8458 | Val Loss 0.1431 AP 0.8391 | P@2 1.0000 P@3 0.9770 P@5 0.9667 P@7 0.8905 P@10 0.8350 P@12 0.7857 P@15 0.8133 P@17 0.8095 P@20 0.7821
Epoch 65/100 | Train Loss 0.1471 AP 0.8751 | Val Loss 0.1385 AP 0.8598 | P@2 1.0000 P@3 0.9770 P@5 0.9667 P@7 0.9048 P@10 0.8650 P@12 0.8333 P@15 0.8907 P@17 0.8459 P@20 0.8036
Epoch 66/100 | Train Loss 0.1459 AP 0.8698 | Val Loss 0.1435 AP 0.8703 | P@2 1.0000 P@3 0.9770 P@5 0.9667 P@7 0.9714 P@10 0.8750 P@12 0.8214 P@15 0.8373 P@17 0.8067 P@20 0.8143
Epoch 67/100 | Train Loss 0.1462 AP 0.8524 | Val Loss 0.1394 AP 0.8413 | P@2 1.0000 P@3 0.9310 P@5 0.9667 P@7 0.9095 P@10 0.9050 P@12 0.8373 P@15 0.8027 P@17 0.7787 P@20 0.8089
Epoch 68/100 | Train Loss 0.1460 AP 0.8673 | Val Loss 0.1392 AP 0.8751 | P@2 1.0000 P@3 0.9540 P@5 0.9667 P@7 0.9190 P@10 0.9050 P@12 0.8413 P@15 0.8533 P@17 0.8739 P@20 0.8375
Epoch 69/100 | Train Loss 0.1459 AP 0.8669 | Val Loss 0.1390 AP 0.8658 | P@2 1.0000 P@3 0.9540 P@5 0.9500 P@7 0.9333 P@10 0.8850 P@12 0.8095 P@15 0.8187 P@17 0.8431 P@20 0.8125
Epoch 70/100 | Train Loss 0.1450 AP 0.8627 | Val Loss 0.1376 AP 0.8594 | P@2 1.0000 P@3 1.0000 P@5 0.9500 P@7 0.9619 P@10 0.7900 P@12 0.7897 P@15 0.8213 P@17 0.8683 P@20 0.8286
Epoch 71/100 | Train Loss 0.1448 AP 0.8617 | Val Loss 0.1377 AP 0.8586 | P@2 1.0000 P@3 0.9770 P@5 0.9000 P@7 0.9381 P@10 0.8650 P@12 0.7976 P@15 0.8507 P@17 0.8179 P@20 0.8179
Epoch 72/100 | Train Loss 0.1450 AP 0.8620 | Val Loss 0.1385 AP 0.8598 | P@2 0.9545 P@3 0.9540 P@5 0.9333 P@7 0.9429 P@10 0.8450 P@12 0.8016 P@15 0.8587 P@17 0.8403 P@20 0.8250
Epoch 73/100 | Train Loss 0.1449 AP 0.8625 | Val Loss 0.1369 AP 0.8542 | P@2 1.0000 P@3 0.9310 P@5 0.9833 P@7 0.9238 P@10 0.8300 P@12 0.8849 P@15 0.8160 P@17 0.7983 P@20 0.8054
Epoch 74/100 | Train Loss 0.1446 AP 0.8598 | Val Loss 0.1423 AP 0.8656 | P@2 1.0000 P@3 0.9540 P@5 0.9333 P@7 0.9714 P@10 0.9100 P@12 0.8135 P@15 0.8507 P@17 0.8375 P@20 0.8161
Epoch 75/100 | Train Loss 0.1459 AP 0.8690 | Val Loss 0.1376 AP 0.8638 | P@2 1.0000 P@3 0.9770 P@5 0.9500 P@7 0.9333 P@10 0.8500 P@12 0.8730 P@15 0.8773 P@17 0.7871 P@20 0.8357
Epoch 76/100 | Train Loss 0.1442 AP 0.8659 | Val Loss 0.1411 AP 0.8644 | P@2 0.9545 P@3 0.9770 P@5 0.9667 P@7 0.9524 P@10 0.9050 P@12 0.8135 P@15 0.8827 P@17 0.8515 P@20 0.7786
Epoch 77/100 | Train Loss 0.1447 AP 0.8761 | Val Loss 0.1358 AP 0.8825 | P@2 1.0000 P@3 0.9770 P@5 0.9500 P@7 0.9524 P@10 0.8900 P@12 0.8571 P@15 0.8187 P@17 0.8768 P@20 0.8339
Epoch 78/100 | Train Loss 0.1445 AP 0.8444 | Val Loss 0.1427 AP 0.8479 | P@2 1.0000 P@3 0.9310 P@5 0.9500 P@7 0.9571 P@10 0.7750 P@12 0.8294 P@15 0.7920 P@17 0.8207 P@20 0.8089
Epoch 79/100 | Train Loss 0.1452 AP 0.8723 | Val Loss 0.1368 AP 0.8709 | P@2 1.0000 P@3 1.0000 P@5 0.9500 P@7 0.9333 P@10 0.8600 P@12 0.8135 P@15 0.8587 P@17 0.8039 P@20 0.8357
Epoch 80/100 | Train Loss 0.1434 AP 0.8675 | Val Loss 0.1463 AP 0.8568 | P@2 1.0000 P@3 0.9540 P@5 0.9833 P@7 0.9333 P@10 0.8750 P@12 0.8095 P@15 0.8187 P@17 0.8403 P@20 0.8143
Epoch 81/100 | Train Loss 0.1438 AP 0.8650 | Val Loss 0.1369 AP 0.8594 | P@2 1.0000 P@3 0.9540 P@5 0.9667 P@7 0.9429 P@10 0.8850 P@12 0.8571 P@15 0.8453 P@17 0.8151 P@20 0.8036
Epoch 82/100 | Train Loss 0.1436 AP 0.8604 | Val Loss 0.1390 AP 0.8602 | P@2 0.9545 P@3 0.9310 P@5 0.9667 P@7 0.9381 P@10 0.8650 P@12 0.8492 P@15 0.8533 P@17 0.8459 P@20 0.8196
Epoch 83/100 | Train Loss 0.1428 AP 0.8825 | Val Loss 0.1322 AP 0.8699 | P@2 1.0000 P@3 0.9080 P@5 0.9833 P@7 0.9238 P@10 0.8700 P@12 0.8056 P@15 0.8693 P@17 0.8375 P@20 0.8393
Epoch 84/100 | Train Loss 0.1436 AP 0.8741 | Val Loss 0.1364 AP 0.8753 | P@2 1.0000 P@3 0.9770 P@5 0.9667 P@7 0.9571 P@10 0.8700 P@12 0.8532 P@15 0.8667 P@17 0.8543 P@20 0.8464
Epoch 85/100 | Train Loss 0.1439 AP 0.8641 | Val Loss 0.1397 AP 0.8620 | P@2 1.0000 P@3 0.9310 P@5 0.9833 P@7 0.9143 P@10 0.8750 P@12 0.8452 P@15 0.8613 P@17 0.7815 P@20 0.7964
Epoch 86/100 | Train Loss 0.1433 AP 0.8818 | Val Loss 0.1370 AP 0.8771 | P@2 1.0000 P@3 0.9540 P@5 0.9833 P@7 0.9048 P@10 0.8550 P@12 0.8373 P@15 0.8720 P@17 0.8515 P@20 0.8429
Epoch 87/100 | Train Loss 0.1432 AP 0.8696 | Val Loss 0.1360 AP 0.8683 | P@2 1.0000 P@3 0.9540 P@5 1.0000 P@7 0.9095 P@10 0.9100 P@12 0.8175 P@15 0.8267 P@17 0.8543 P@20 0.8321
Epoch 88/100 | Train Loss 0.1430 AP 0.8740 | Val Loss 0.1355 AP 0.8749 | P@2 1.0000 P@3 0.9080 P@5 0.9667 P@7 0.9524 P@10 0.8600 P@12 0.8056 P@15 0.8427 P@17 0.8403 P@20 0.8518
Epoch 89/100 | Train Loss 0.1429 AP 0.8546 | Val Loss 0.1383 AP 0.8685 | P@2 1.0000 P@3 1.0000 P@5 0.9500 P@7 0.9524 P@10 0.8550 P@12 0.8571 P@15 0.8347 P@17 0.7983 P@20 0.8375
Epoch 90/100 | Train Loss 0.1422 AP 0.8695 | Val Loss 0.1419 AP 0.8757 | P@2 0.9545 P@3 0.9770 P@5 0.9667 P@7 0.9333 P@10 0.8950 P@12 0.7857 P@15 0.8800 P@17 0.8403 P@20 0.8446
Epoch 91/100 | Train Loss 0.1429 AP 0.8849 | Val Loss 0.1340 AP 0.8884 | P@2 1.0000 P@3 0.9080 P@5 0.9833 P@7 0.9714 P@10 0.8700 P@12 0.8532 P@15 0.8640 P@17 0.8711 P@20 0.8643
Epoch 92/100 | Train Loss 0.1430 AP 0.8497 | Val Loss 0.1384 AP 0.8526 | P@2 1.0000 P@3 0.9770 P@5 0.9333 P@7 0.9190 P@10 0.8650 P@12 0.7897 P@15 0.8400 P@17 0.8039 P@20 0.7911
Epoch 93/100 | Train Loss 0.1432 AP 0.8875 | Val Loss 0.1351 AP 0.8785 | P@2 1.0000 P@3 1.0000 P@5 0.9833 P@7 0.9524 P@10 0.8700 P@12 0.8413 P@15 0.8533 P@17 0.8459 P@20 0.8179
Epoch 94/100 | Train Loss 0.1418 AP 0.8743 | Val Loss 0.1335 AP 0.8634 | P@2 1.0000 P@3 0.9540 P@5 0.9833 P@7 0.9190 P@10 0.8750 P@12 0.8056 P@15 0.8160 P@17 0.8319 P@20 0.8411
Epoch 95/100 | Train Loss 0.1427 AP 0.8550 | Val Loss 0.1439 AP 0.8528 | P@2 1.0000 P@3 1.0000 P@5 0.9333 P@7 0.9524 P@10 0.8850 P@12 0.8333 P@15 0.8480 P@17 0.7955 P@20 0.8054
Epoch 96/100 | Train Loss 0.1419 AP 0.8463 | Val Loss 0.1404 AP 0.8447 | P@2 1.0000 P@3 0.9080 P@5 0.9500 P@7 0.9095 P@10 0.8600 P@12 0.8214 P@15 0.8187 P@17 0.7703 P@20 0.8071
Epoch 97/100 | Train Loss 0.1421 AP 0.8760 | Val Loss 0.1341 AP 0.8695 | P@2 1.0000 P@3 0.9540 P@5 0.9500 P@7 0.9429 P@10 0.8850 P@12 0.8532 P@15 0.8240 P@17 0.8347 P@20 0.8304
Epoch 98/100 | Train Loss 0.1422 AP 0.8713 | Val Loss 0.1367 AP 0.8693 | P@2 1.0000 P@3 0.9770 P@5 0.9833 P@7 0.9238 P@10 0.9000 P@12 0.8611 P@15 0.8427 P@17 0.7899 P@20 0.8089
Epoch 99/100 | Train Loss 0.1417 AP 0.8878 | Val Loss 0.1330 AP 0.8892 | P@2 1.0000 P@3 1.0000 P@5 0.9833 P@7 0.9619 P@10 0.8650 P@12 0.8810 P@15 0.8667 P@17 0.8543 P@20 0.8589
Epoch 100/100 | Train Loss 0.1418 AP 0.8883 | Val Loss 0.1320 AP 0.8986 | P@2 1.0000 P@3 1.0000 P@5 1.0000 P@7 0.9429 P@10 0.8500 P@12 0.8571 P@15 0.9093 P@17 0.8880 P@20 0.8536

Run Config
epochs=100
batch_size=64
lr=0.001
weight_decay=0.0001
margin=2.0
num_workers=2
train_path=data/train_trajectories.npy
test_path=data/test_trajectories.npy
device=cuda
model.feature_dim=6
model.hidden_dim=128
model.num_layers=2
model.conv_channels=32
model.embed_dim=32
model.dropout=0.1
--- end ---
