Epoch 1/100 | Train Loss 0.1040 AP 0.6911 | Val Loss 0.0730 AP 0.6895 | P@2 1.0000 P@3 0.8851 P@5 0.9333 P@7 0.8429 P@10 0.6950 P@12 0.6825 P@15 0.6480 P@17 0.6331 P@20 0.5661
Epoch 2/100 | Train Loss 0.0641 AP 0.7138 | Val Loss 0.0580 AP 0.7186 | P@2 1.0000 P@3 0.9770 P@5 0.8833 P@7 0.8857 P@10 0.6550 P@12 0.6865 P@15 0.7067 P@17 0.6387 P@20 0.6643
Epoch 3/100 | Train Loss 0.0568 AP 0.7665 | Val Loss 0.0487 AP 0.7747 | P@2 1.0000 P@3 0.9080 P@5 0.9500 P@7 0.8571 P@10 0.8050 P@12 0.7738 P@15 0.7467 P@17 0.6947 P@20 0.6893
Epoch 4/100 | Train Loss 0.0515 AP 0.7525 | Val Loss 0.0498 AP 0.7562 | P@2 0.9545 P@3 0.9770 P@5 0.9167 P@7 0.8952 P@10 0.7650 P@12 0.7103 P@15 0.7520 P@17 0.7031 P@20 0.6839
Epoch 5/100 | Train Loss 0.0494 AP 0.7864 | Val Loss 0.0455 AP 0.7932 | P@2 0.9545 P@3 0.9310 P@5 0.9333 P@7 0.9381 P@10 0.7900 P@12 0.7659 P@15 0.7680 P@17 0.7619 P@20 0.7250
Epoch 6/100 | Train Loss 0.0481 AP 0.8131 | Val Loss 0.0466 AP 0.8216 | P@2 0.9545 P@3 0.9540 P@5 0.9667 P@7 0.9524 P@10 0.7800 P@12 0.7897 P@15 0.8107 P@17 0.7899 P@20 0.7643
Epoch 7/100 | Train Loss 0.0470 AP 0.8037 | Val Loss 0.0432 AP 0.8021 | P@2 1.0000 P@3 0.9310 P@5 0.9333 P@7 0.9143 P@10 0.8100 P@12 0.7817 P@15 0.7707 P@17 0.8319 P@20 0.7286
Epoch 8/100 | Train Loss 0.0458 AP 0.8092 | Val Loss 0.0442 AP 0.7995 | P@2 1.0000 P@3 0.9540 P@5 0.9167 P@7 0.8762 P@10 0.8300 P@12 0.7222 P@15 0.7733 P@17 0.7647 P@20 0.7554
Epoch 9/100 | Train Loss 0.0446 AP 0.8084 | Val Loss 0.0455 AP 0.7999 | P@2 1.0000 P@3 0.9540 P@5 0.9000 P@7 0.9286 P@10 0.8300 P@12 0.7738 P@15 0.7627 P@17 0.7535 P@20 0.7714
Epoch 10/100 | Train Loss 0.0440 AP 0.8288 | Val Loss 0.0390 AP 0.8262 | P@2 1.0000 P@3 0.9540 P@5 0.9667 P@7 0.9238 P@10 0.8000 P@12 0.7937 P@15 0.8187 P@17 0.7843 P@20 0.7607
Epoch 11/100 | Train Loss 0.0430 AP 0.8340 | Val Loss 0.0373 AP 0.8369 | P@2 1.0000 P@3 0.9080 P@5 0.9667 P@7 0.8952 P@10 0.8300 P@12 0.8214 P@15 0.8533 P@17 0.7899 P@20 0.7607
Epoch 12/100 | Train Loss 0.0420 AP 0.8214 | Val Loss 0.0402 AP 0.8337 | P@2 1.0000 P@3 0.9540 P@5 0.9333 P@7 0.9619 P@10 0.8200 P@12 0.8333 P@15 0.8000 P@17 0.8235 P@20 0.7857
Epoch 13/100 | Train Loss 0.0415 AP 0.8466 | Val Loss 0.0355 AP 0.8608 | P@2 1.0000 P@3 0.9770 P@5 0.9500 P@7 0.9524 P@10 0.8800 P@12 0.8770 P@15 0.8240 P@17 0.8263 P@20 0.8161
Epoch 14/100 | Train Loss 0.0405 AP 0.8314 | Val Loss 0.0373 AP 0.8361 | P@2 1.0000 P@3 0.9310 P@5 0.9167 P@7 0.9048 P@10 0.8300 P@12 0.7937 P@15 0.8187 P@17 0.7815 P@20 0.8018
Epoch 15/100 | Train Loss 0.0398 AP 0.8437 | Val Loss 0.0364 AP 0.8449 | P@2 0.9545 P@3 0.9540 P@5 0.9667 P@7 0.9095 P@10 0.8850 P@12 0.8135 P@15 0.8427 P@17 0.8571 P@20 0.7839
Epoch 16/100 | Train Loss 0.0397 AP 0.8488 | Val Loss 0.0341 AP 0.8469 | P@2 1.0000 P@3 0.9540 P@5 0.9500 P@7 0.9143 P@10 0.8550 P@12 0.8056 P@15 0.8160 P@17 0.8151 P@20 0.8036
Epoch 17/100 | Train Loss 0.0393 AP 0.8680 | Val Loss 0.0354 AP 0.8624 | P@2 1.0000 P@3 0.9770 P@5 0.9500 P@7 0.9095 P@10 0.8300 P@12 0.8214 P@15 0.8213 P@17 0.8739 P@20 0.7929
Epoch 18/100 | Train Loss 0.0389 AP 0.8427 | Val Loss 0.0367 AP 0.8407 | P@2 1.0000 P@3 0.9540 P@5 0.9167 P@7 0.9238 P@10 0.8700 P@12 0.8214 P@15 0.7893 P@17 0.8067 P@20 0.7750
Epoch 19/100 | Train Loss 0.0379 AP 0.8471 | Val Loss 0.0367 AP 0.8379 | P@2 1.0000 P@3 0.9770 P@5 0.9333 P@7 0.9429 P@10 0.8350 P@12 0.8016 P@15 0.8133 P@17 0.8095 P@20 0.8071
Epoch 20/100 | Train Loss 0.0379 AP 0.8618 | Val Loss 0.0319 AP 0.8711 | P@2 1.0000 P@3 0.9310 P@5 0.9667 P@7 0.9238 P@10 0.8400 P@12 0.8690 P@15 0.8240 P@17 0.8655 P@20 0.8214
Epoch 21/100 | Train Loss 0.0374 AP 0.8542 | Val Loss 0.0336 AP 0.8560 | P@2 0.9545 P@3 0.9080 P@5 0.9333 P@7 0.9333 P@10 0.8600 P@12 0.8730 P@15 0.7840 P@17 0.8711 P@20 0.7946
Epoch 22/100 | Train Loss 0.0371 AP 0.8277 | Val Loss 0.0372 AP 0.8266 | P@2 1.0000 P@3 0.9540 P@5 0.9667 P@7 0.8667 P@10 0.8450 P@12 0.8175 P@15 0.7920 P@17 0.8011 P@20 0.7750
Epoch 23/100 | Train Loss 0.0359 AP 0.8673 | Val Loss 0.0333 AP 0.8660 | P@2 0.9545 P@3 0.9770 P@5 0.9667 P@7 0.9333 P@10 0.8800 P@12 0.8452 P@15 0.8347 P@17 0.8543 P@20 0.8375
Epoch 24/100 | Train Loss 0.0362 AP 0.8671 | Val Loss 0.0318 AP 0.8596 | P@2 1.0000 P@3 0.9080 P@5 0.9667 P@7 0.9476 P@10 0.9200 P@12 0.8175 P@15 0.8267 P@17 0.7871 P@20 0.8321
Epoch 25/100 | Train Loss 0.0359 AP 0.8821 | Val Loss 0.0301 AP 0.8807 | P@2 0.9545 P@3 0.9770 P@5 0.9333 P@7 0.9143 P@10 0.9400 P@12 0.8730 P@15 0.8453 P@17 0.9076 P@20 0.8089
Epoch 26/100 | Train Loss 0.0346 AP 0.8912 | Val Loss 0.0292 AP 0.8793 | P@2 1.0000 P@3 0.9540 P@5 0.9667 P@7 0.9095 P@10 0.8850 P@12 0.8770 P@15 0.8480 P@17 0.8543 P@20 0.8321
Epoch 27/100 | Train Loss 0.0348 AP 0.8577 | Val Loss 0.0324 AP 0.8560 | P@2 1.0000 P@3 0.9770 P@5 0.9333 P@7 0.9000 P@10 0.8700 P@12 0.8413 P@15 0.8267 P@17 0.8543 P@20 0.7839
Epoch 28/100 | Train Loss 0.0342 AP 0.8770 | Val Loss 0.0304 AP 0.8757 | P@2 1.0000 P@3 0.9770 P@5 0.9333 P@7 0.9571 P@10 0.8350 P@12 0.8135 P@15 0.8827 P@17 0.8627 P@20 0.8393
Epoch 29/100 | Train Loss 0.0335 AP 0.8794 | Val Loss 0.0301 AP 0.8908 | P@2 0.9545 P@3 0.9770 P@5 1.0000 P@7 0.9190 P@10 0.9000 P@12 0.8968 P@15 0.8667 P@17 0.8487 P@20 0.8536
Epoch 30/100 | Train Loss 0.0332 AP 0.8789 | Val Loss 0.0296 AP 0.8731 | P@2 1.0000 P@3 0.9540 P@5 0.9667 P@7 0.9619 P@10 0.8600 P@12 0.8492 P@15 0.8053 P@17 0.8627 P@20 0.8536
Epoch 31/100 | Train Loss 0.0329 AP 0.8951 | Val Loss 0.0274 AP 0.8815 | P@2 0.9545 P@3 0.9770 P@5 0.9833 P@7 0.9524 P@10 0.9000 P@12 0.8571 P@15 0.8613 P@17 0.8431 P@20 0.8696
Epoch 32/100 | Train Loss 0.0329 AP 0.8966 | Val Loss 0.0268 AP 0.8970 | P@2 0.9545 P@3 0.9540 P@5 0.9667 P@7 0.9524 P@10 0.8950 P@12 0.8333 P@15 0.8933 P@17 0.8824 P@20 0.8661
Epoch 33/100 | Train Loss 0.0328 AP 0.8902 | Val Loss 0.0284 AP 0.8890 | P@2 1.0000 P@3 1.0000 P@5 1.0000 P@7 0.9571 P@10 0.9100 P@12 0.8770 P@15 0.8747 P@17 0.8459 P@20 0.8393
Epoch 34/100 | Train Loss 0.0325 AP 0.8990 | Val Loss 0.0287 AP 0.8952 | P@2 1.0000 P@3 1.0000 P@5 0.9500 P@7 0.9524 P@10 0.8950 P@12 0.9008 P@15 0.8880 P@17 0.8852 P@20 0.8339
Epoch 35/100 | Train Loss 0.0326 AP 0.8890 | Val Loss 0.0287 AP 0.8900 | P@2 0.9545 P@3 1.0000 P@5 0.9833 P@7 0.9381 P@10 0.8900 P@12 0.8611 P@15 0.8800 P@17 0.8655 P@20 0.8482
Epoch 36/100 | Train Loss 0.0323 AP 0.8865 | Val Loss 0.0299 AP 0.8793 | P@2 1.0000 P@3 0.9770 P@5 0.9667 P@7 0.9429 P@10 0.9000 P@12 0.8095 P@15 0.8613 P@17 0.8796 P@20 0.8286
Epoch 37/100 | Train Loss 0.0323 AP 0.8796 | Val Loss 0.0298 AP 0.8737 | P@2 1.0000 P@3 0.9540 P@5 0.9667 P@7 0.9429 P@10 0.9000 P@12 0.8571 P@15 0.8293 P@17 0.8067 P@20 0.8339
Epoch 38/100 | Train Loss 0.0319 AP 0.8929 | Val Loss 0.0281 AP 0.8956 | P@2 1.0000 P@3 0.9770 P@5 0.9667 P@7 0.9476 P@10 0.9050 P@12 0.8730 P@15 0.8747 P@17 0.8683 P@20 0.8839
Epoch 39/100 | Train Loss 0.0317 AP 0.8951 | Val Loss 0.0272 AP 0.8914 | P@2 1.0000 P@3 0.9540 P@5 0.9667 P@7 0.9333 P@10 0.9200 P@12 0.8690 P@15 0.8853 P@17 0.8655 P@20 0.8411
Epoch 40/100 | Train Loss 0.0317 AP 0.9028 | Val Loss 0.0283 AP 0.8934 | P@2 1.0000 P@3 1.0000 P@5 1.0000 P@7 0.9619 P@10 0.8450 P@12 0.8849 P@15 0.8667 P@17 0.8796 P@20 0.8464
Epoch 41/100 | Train Loss 0.0316 AP 0.8989 | Val Loss 0.0269 AP 0.8872 | P@2 1.0000 P@3 0.9770 P@5 0.9833 P@7 0.9286 P@10 0.8900 P@12 0.9048 P@15 0.8640 P@17 0.8711 P@20 0.8429
Epoch 42/100 | Train Loss 0.0317 AP 0.9121 | Val Loss 0.0250 AP 0.9133 | P@2 1.0000 P@3 0.9770 P@5 0.9833 P@7 0.9714 P@10 0.8700 P@12 0.8929 P@15 0.9360 P@17 0.8739 P@20 0.8893
Epoch 43/100 | Train Loss 0.0319 AP 0.8925 | Val Loss 0.0279 AP 0.8801 | P@2 1.0000 P@3 0.9770 P@5 0.9667 P@7 0.9286 P@10 0.8850 P@12 0.8730 P@15 0.8427 P@17 0.8627 P@20 0.8446
Epoch 44/100 | Train Loss 0.0316 AP 0.8991 | Val Loss 0.0257 AP 0.8968 | P@2 1.0000 P@3 0.9770 P@5 0.9833 P@7 0.9476 P@10 0.8900 P@12 0.8690 P@15 0.8800 P@17 0.8768 P@20 0.8482
Epoch 45/100 | Train Loss 0.0318 AP 0.9171 | Val Loss 0.0251 AP 0.9196 | P@2 1.0000 P@3 0.9770 P@5 0.9833 P@7 0.9524 P@10 0.9250 P@12 0.8651 P@15 0.9200 P@17 0.9104 P@20 0.8911
Epoch 46/100 | Train Loss 0.0313 AP 0.8889 | Val Loss 0.0271 AP 0.8918 | P@2 0.9545 P@3 0.9770 P@5 0.9667 P@7 0.9810 P@10 0.8600 P@12 0.8730 P@15 0.8640 P@17 0.8824 P@20 0.8321
Epoch 47/100 | Train Loss 0.0312 AP 0.9091 | Val Loss 0.0254 AP 0.9109 | P@2 1.0000 P@3 1.0000 P@5 1.0000 P@7 0.9667 P@10 0.8850 P@12 0.8730 P@15 0.8827 P@17 0.8936 P@20 0.8839
Epoch 48/100 | Train Loss 0.0314 AP 0.9010 | Val Loss 0.0272 AP 0.9055 | P@2 1.0000 P@3 1.0000 P@5 1.0000 P@7 0.9333 P@10 0.9300 P@12 0.8333 P@15 0.8933 P@17 0.8768 P@20 0.8589
Epoch 49/100 | Train Loss 0.0310 AP 0.8791 | Val Loss 0.0287 AP 0.8771 | P@2 1.0000 P@3 0.9310 P@5 0.9833 P@7 0.9143 P@10 0.8450 P@12 0.8373 P@15 0.8800 P@17 0.8515 P@20 0.8268
Epoch 50/100 | Train Loss 0.0310 AP 0.8716 | Val Loss 0.0301 AP 0.8713 | P@2 1.0000 P@3 0.9540 P@5 0.9667 P@7 0.9333 P@10 0.8650 P@12 0.8532 P@15 0.7787 P@17 0.8487 P@20 0.8268
Epoch 51/100 | Train Loss 0.0311 AP 0.8801 | Val Loss 0.0302 AP 0.8737 | P@2 1.0000 P@3 0.9770 P@5 0.9667 P@7 0.9286 P@10 0.8800 P@12 0.8016 P@15 0.8560 P@17 0.8543 P@20 0.8393
Epoch 52/100 | Train Loss 0.0309 AP 0.9100 | Val Loss 0.0243 AP 0.9161 | P@2 1.0000 P@3 1.0000 P@5 0.9833 P@7 0.9286 P@10 0.9150 P@12 0.8889 P@15 0.9147 P@17 0.8768 P@20 0.8857
Epoch 53/100 | Train Loss 0.0310 AP 0.8780 | Val Loss 0.0291 AP 0.8761 | P@2 1.0000 P@3 0.9770 P@5 1.0000 P@7 0.9381 P@10 0.8300 P@12 0.8294 P@15 0.8933 P@17 0.8403 P@20 0.8357
Epoch 54/100 | Train Loss 0.0304 AP 0.9038 | Val Loss 0.0260 AP 0.8932 | P@2 1.0000 P@3 0.9310 P@5 1.0000 P@7 0.9619 P@10 0.8850 P@12 0.8571 P@15 0.8720 P@17 0.8852 P@20 0.8875
Epoch 55/100 | Train Loss 0.0306 AP 0.8905 | Val Loss 0.0268 AP 0.8858 | P@2 1.0000 P@3 0.9540 P@5 0.9833 P@7 0.9333 P@10 0.8600 P@12 0.8849 P@15 0.8800 P@17 0.8459 P@20 0.8482
Epoch 56/100 | Train Loss 0.0312 AP 0.8987 | Val Loss 0.0275 AP 0.9014 | P@2 0.9545 P@3 1.0000 P@5 0.9833 P@7 0.9190 P@10 0.8800 P@12 0.8929 P@15 0.9200 P@17 0.8599 P@20 0.8643
Epoch 57/100 | Train Loss 0.0307 AP 0.8931 | Val Loss 0.0280 AP 0.8976 | P@2 1.0000 P@3 0.9770 P@5 0.9833 P@7 0.9524 P@10 0.9050 P@12 0.8730 P@15 0.8427 P@17 0.8655 P@20 0.8661
Epoch 58/100 | Train Loss 0.0305 AP 0.9007 | Val Loss 0.0257 AP 0.8996 | P@2 1.0000 P@3 0.9770 P@5 1.0000 P@7 0.9333 P@10 0.9200 P@12 0.8571 P@15 0.8987 P@17 0.8768 P@20 0.8571
Epoch 59/100 | Train Loss 0.0306 AP 0.9018 | Val Loss 0.0246 AP 0.9053 | P@2 1.0000 P@3 0.9540 P@5 0.9833 P@7 0.9905 P@10 0.8600 P@12 0.8611 P@15 0.8987 P@17 0.8768 P@20 0.8696
Epoch 60/100 | Train Loss 0.0306 AP 0.9080 | Val Loss 0.0274 AP 0.9095 | P@2 1.0000 P@3 0.9770 P@5 0.9667 P@7 0.9571 P@10 0.9200 P@12 0.8849 P@15 0.8960 P@17 0.8683 P@20 0.9036
Epoch 61/100 | Train Loss 0.0309 AP 0.9070 | Val Loss 0.0262 AP 0.9085 | P@2 1.0000 P@3 0.9770 P@5 0.9667 P@7 0.9286 P@10 0.9150 P@12 0.9127 P@15 0.9093 P@17 0.8964 P@20 0.8661
Epoch 62/100 | Train Loss 0.0304 AP 0.8754 | Val Loss 0.0286 AP 0.8636 | P@2 1.0000 P@3 0.9540 P@5 0.9500 P@7 0.9524 P@10 0.8600 P@12 0.8095 P@15 0.8613 P@17 0.8151 P@20 0.8036
Epoch 63/100 | Train Loss 0.0306 AP 0.9030 | Val Loss 0.0266 AP 0.9004 | P@2 1.0000 P@3 1.0000 P@5 0.9667 P@7 0.9810 P@10 0.8500 P@12 0.8770 P@15 0.8720 P@17 0.8627 P@20 0.8804
Epoch 64/100 | Train Loss 0.0308 AP 0.8737 | Val Loss 0.0288 AP 0.8749 | P@2 1.0000 P@3 1.0000 P@5 0.9667 P@7 0.9143 P@10 0.8450 P@12 0.8413 P@15 0.8640 P@17 0.8347 P@20 0.8393
Epoch 65/100 | Train Loss 0.0304 AP 0.8967 | Val Loss 0.0275 AP 0.8906 | P@2 1.0000 P@3 1.0000 P@5 0.9833 P@7 0.9429 P@10 0.9050 P@12 0.8373 P@15 0.8720 P@17 0.8599 P@20 0.8554
Epoch 66/100 | Train Loss 0.0308 AP 0.8894 | Val Loss 0.0275 AP 0.8902 | P@2 1.0000 P@3 0.9770 P@5 0.9667 P@7 0.9238 P@10 0.9200 P@12 0.8651 P@15 0.9013 P@17 0.8571 P@20 0.8607
Epoch 67/100 | Train Loss 0.0304 AP 0.8968 | Val Loss 0.0259 AP 0.8946 | P@2 0.9545 P@3 0.9770 P@5 1.0000 P@7 0.9476 P@10 0.8900 P@12 0.8889 P@15 0.9093 P@17 0.8768 P@20 0.8714
Epoch 68/100 | Train Loss 0.0305 AP 0.9100 | Val Loss 0.0243 AP 0.9077 | P@2 1.0000 P@3 0.9540 P@5 1.0000 P@7 0.9714 P@10 0.9100 P@12 0.8294 P@15 0.9013 P@17 0.8571 P@20 0.8643
Epoch 69/100 | Train Loss 0.0305 AP 0.8950 | Val Loss 0.0271 AP 0.9010 | P@2 0.9545 P@3 0.9770 P@5 0.9833 P@7 0.9429 P@10 0.9100 P@12 0.8730 P@15 0.8933 P@17 0.8852 P@20 0.8571
Epoch 70/100 | Train Loss 0.0304 AP 0.9162 | Val Loss 0.0250 AP 0.9089 | P@2 1.0000 P@3 0.9770 P@5 0.9833 P@7 0.9524 P@10 0.9100 P@12 0.8690 P@15 0.9120 P@17 0.8768 P@20 0.8929
Epoch 71/100 | Train Loss 0.0304 AP 0.8738 | Val Loss 0.0300 AP 0.8685 | P@2 1.0000 P@3 1.0000 P@5 0.9667 P@7 0.9095 P@10 0.8750 P@12 0.8254 P@15 0.8507 P@17 0.8095 P@20 0.8000
Epoch 72/100 | Train Loss 0.0300 AP 0.8968 | Val Loss 0.0265 AP 0.8978 | P@2 1.0000 P@3 0.9770 P@5 0.9500 P@7 0.9048 P@10 0.8800 P@12 0.8254 P@15 0.8640 P@17 0.8908 P@20 0.8589
Epoch 73/100 | Train Loss 0.0297 AP 0.8917 | Val Loss 0.0268 AP 0.8874 | P@2 1.0000 P@3 0.9540 P@5 0.9667 P@7 0.9524 P@10 0.9050 P@12 0.8611 P@15 0.8693 P@17 0.8852 P@20 0.8482
Epoch 74/100 | Train Loss 0.0298 AP 0.8998 | Val Loss 0.0245 AP 0.8936 | P@2 1.0000 P@3 0.9540 P@5 1.0000 P@7 0.9429 P@10 0.8950 P@12 0.8810 P@15 0.8693 P@17 0.8908 P@20 0.8411
Epoch 75/100 | Train Loss 0.0303 AP 0.8656 | Val Loss 0.0304 AP 0.8578 | P@2 1.0000 P@3 0.9540 P@5 0.9667 P@7 0.9429 P@10 0.8600 P@12 0.8690 P@15 0.7893 P@17 0.7983 P@20 0.8268
Epoch 76/100 | Train Loss 0.0299 AP 0.9133 | Val Loss 0.0245 AP 0.9212 | P@2 1.0000 P@3 0.9540 P@5 1.0000 P@7 0.9429 P@10 0.9350 P@12 0.8730 P@15 0.9520 P@17 0.8936 P@20 0.9196
Epoch 77/100 | Train Loss 0.0302 AP 0.9017 | Val Loss 0.0279 AP 0.8958 | P@2 1.0000 P@3 0.9770 P@5 1.0000 P@7 0.9429 P@10 0.8700 P@12 0.8611 P@15 0.8907 P@17 0.8964 P@20 0.8250
Epoch 78/100 | Train Loss 0.0300 AP 0.8965 | Val Loss 0.0271 AP 0.8906 | P@2 1.0000 P@3 0.9310 P@5 0.9833 P@7 0.9667 P@10 0.8550 P@12 0.8770 P@15 0.8773 P@17 0.8403 P@20 0.8554
Epoch 79/100 | Train Loss 0.0299 AP 0.8913 | Val Loss 0.0261 AP 0.8916 | P@2 1.0000 P@3 0.9770 P@5 0.9833 P@7 0.9619 P@10 0.9000 P@12 0.8690 P@15 0.8773 P@17 0.8487 P@20 0.8482
Epoch 80/100 | Train Loss 0.0300 AP 0.8888 | Val Loss 0.0258 AP 0.8850 | P@2 1.0000 P@3 0.9540 P@5 1.0000 P@7 0.9333 P@10 0.8900 P@12 0.8730 P@15 0.8907 P@17 0.8515 P@20 0.8286
Epoch 81/100 | Train Loss 0.0296 AP 0.9049 | Val Loss 0.0279 AP 0.9085 | P@2 1.0000 P@3 1.0000 P@5 0.9833 P@7 0.9381 P@10 0.8800 P@12 0.9405 P@15 0.9333 P@17 0.8683 P@20 0.8768
Epoch 82/100 | Train Loss 0.0299 AP 0.9129 | Val Loss 0.0255 AP 0.9113 | P@2 1.0000 P@3 0.9770 P@5 0.9500 P@7 0.9714 P@10 0.8700 P@12 0.8929 P@15 0.9040 P@17 0.8487 P@20 0.8768
Epoch 83/100 | Train Loss 0.0300 AP 0.8879 | Val Loss 0.0283 AP 0.8844 | P@2 1.0000 P@3 0.9770 P@5 0.9667 P@7 0.9524 P@10 0.9300 P@12 0.8651 P@15 0.8640 P@17 0.8487 P@20 0.8143
Epoch 84/100 | Train Loss 0.0301 AP 0.8951 | Val Loss 0.0262 AP 0.8948 | P@2 1.0000 P@3 1.0000 P@5 0.9833 P@7 0.9571 P@10 0.8850 P@12 0.8690 P@15 0.8853 P@17 0.8796 P@20 0.8714
Epoch 85/100 | Train Loss 0.0295 AP 0.9119 | Val Loss 0.0247 AP 0.9161 | P@2 1.0000 P@3 1.0000 P@5 0.9833 P@7 0.9476 P@10 0.9250 P@12 0.9008 P@15 0.9173 P@17 0.8880 P@20 0.9054
Epoch 86/100 | Train Loss 0.0297 AP 0.9149 | Val Loss 0.0236 AP 0.9286 | P@2 1.0000 P@3 0.9770 P@5 1.0000 P@7 0.9714 P@10 0.9500 P@12 0.9365 P@15 0.9093 P@17 0.9104 P@20 0.8946
Epoch 87/100 | Train Loss 0.0297 AP 0.8856 | Val Loss 0.0263 AP 0.8902 | P@2 1.0000 P@3 0.9540 P@5 0.9833 P@7 0.9286 P@10 0.8500 P@12 0.8810 P@15 0.8613 P@17 0.8992 P@20 0.8607
Epoch 88/100 | Train Loss 0.0297 AP 0.9193 | Val Loss 0.0242 AP 0.9264 | P@2 1.0000 P@3 0.9770 P@5 1.0000 P@7 0.9810 P@10 0.8950 P@12 0.8929 P@15 0.9120 P@17 0.9048 P@20 0.9071
Epoch 89/100 | Train Loss 0.0297 AP 0.9045 | Val Loss 0.0261 AP 0.9053 | P@2 1.0000 P@3 0.9540 P@5 0.9833 P@7 0.9381 P@10 0.8800 P@12 0.8690 P@15 0.8747 P@17 0.8739 P@20 0.8839
Epoch 90/100 | Train Loss 0.0296 AP 0.8913 | Val Loss 0.0276 AP 0.8797 | P@2 1.0000 P@3 0.9770 P@5 0.9667 P@7 0.9286 P@10 0.9200 P@12 0.8651 P@15 0.8667 P@17 0.8431 P@20 0.8304
Epoch 91/100 | Train Loss 0.0294 AP 0.8915 | Val Loss 0.0267 AP 0.8825 | P@2 1.0000 P@3 0.9770 P@5 0.9833 P@7 0.9000 P@10 0.8900 P@12 0.8214 P@15 0.8347 P@17 0.8880 P@20 0.8304
Epoch 92/100 | Train Loss 0.0293 AP 0.9229 | Val Loss 0.0244 AP 0.9236 | P@2 1.0000 P@3 0.9770 P@5 1.0000 P@7 0.9429 P@10 0.9050 P@12 0.8849 P@15 0.9040 P@17 0.8992 P@20 0.9089
Epoch 93/100 | Train Loss 0.0293 AP 0.8833 | Val Loss 0.0323 AP 0.8852 | P@2 1.0000 P@3 0.9080 P@5 0.9833 P@7 0.9524 P@10 0.8800 P@12 0.8770 P@15 0.8693 P@17 0.8375 P@20 0.8554
Epoch 94/100 | Train Loss 0.0295 AP 0.9110 | Val Loss 0.0244 AP 0.9087 | P@2 0.9545 P@3 0.9770 P@5 0.9833 P@7 0.9429 P@10 0.9100 P@12 0.8730 P@15 0.8960 P@17 0.9076 P@20 0.8643
Epoch 95/100 | Train Loss 0.0294 AP 0.9178 | Val Loss 0.0235 AP 0.9232 | P@2 1.0000 P@3 0.9770 P@5 1.0000 P@7 0.9381 P@10 0.9450 P@12 0.9087 P@15 0.9200 P@17 0.9188 P@20 0.8839
Epoch 96/100 | Train Loss 0.0294 AP 0.9168 | Val Loss 0.0253 AP 0.9240 | P@2 1.0000 P@3 1.0000 P@5 0.9833 P@7 0.9333 P@10 0.8950 P@12 0.9127 P@15 0.9333 P@17 0.9328 P@20 0.9018
Epoch 97/100 | Train Loss 0.0296 AP 0.8948 | Val Loss 0.0274 AP 0.8872 | P@2 1.0000 P@3 0.9310 P@5 0.9500 P@7 0.9524 P@10 0.8850 P@12 0.9008 P@15 0.8613 P@17 0.8908 P@20 0.8518
Epoch 98/100 | Train Loss 0.0294 AP 0.9094 | Val Loss 0.0271 AP 0.9200 | P@2 1.0000 P@3 0.9770 P@5 0.9833 P@7 0.9619 P@10 0.9150 P@12 0.8690 P@15 0.9387 P@17 0.9076 P@20 0.8964
Epoch 99/100 | Train Loss 0.0294 AP 0.8882 | Val Loss 0.0304 AP 0.8890 | P@2 1.0000 P@3 0.9770 P@5 1.0000 P@7 0.9000 P@10 0.8950 P@12 0.8651 P@15 0.8533 P@17 0.9076 P@20 0.8304
Epoch 100/100 | Train Loss 0.0292 AP 0.9057 | Val Loss 0.0247 AP 0.8990 | P@2 1.0000 P@3 1.0000 P@5 0.9500 P@7 0.9238 P@10 0.8750 P@12 0.8452 P@15 0.8773 P@17 0.9048 P@20 0.8732

Run Config
epochs=100
batch_size=64
lr=0.001
weight_decay=0.0001
margin=1.3
num_workers=2
train_path=data/train_trajectories.npy
test_path=data/test_trajectories.npy
device=cuda
model.feature_dim=6
model.hidden_dim=128
model.num_layers=2
model.conv_channels=32
model.embed_dim=32
model.dropout=0.1
--- end ---
