Epoch 1/100 | Train Loss 0.5420 AP 0.6605 | Val Loss 0.4543 AP 0.6561 | P@2 0.9091 P@3 0.8621 P@5 0.8667 P@7 0.8190 P@10 0.6650 P@12 0.6548 P@15 0.6640 P@17 0.5994 P@20 0.5375
Epoch 2/100 | Train Loss 0.4395 AP 0.7570 | Val Loss 0.4221 AP 0.7667 | P@2 1.0000 P@3 0.9080 P@5 0.9500 P@7 0.8810 P@10 0.7800 P@12 0.7421 P@15 0.7227 P@17 0.7283 P@20 0.6929
Epoch 3/100 | Train Loss 0.4174 AP 0.7596 | Val Loss 0.4026 AP 0.7705 | P@2 0.9545 P@3 0.8851 P@5 0.8750 P@7 0.8714 P@10 0.7650 P@12 0.7063 P@15 0.6880 P@17 0.7283 P@20 0.7571
Epoch 4/100 | Train Loss 0.4092 AP 0.7548 | Val Loss 0.4009 AP 0.7707 | P@2 0.9545 P@3 0.9310 P@5 0.8667 P@7 0.8952 P@10 0.7650 P@12 0.7579 P@15 0.7227 P@17 0.7283 P@20 0.7179
Epoch 5/100 | Train Loss 0.4046 AP 0.7759 | Val Loss 0.4033 AP 0.7753 | P@2 0.9545 P@3 0.8161 P@5 0.8833 P@7 0.8524 P@10 0.7750 P@12 0.7262 P@15 0.7493 P@17 0.7255 P@20 0.7411
Epoch 6/100 | Train Loss 0.4001 AP 0.7971 | Val Loss 0.3854 AP 0.7987 | P@2 0.9545 P@3 0.9080 P@5 0.9167 P@7 0.9143 P@10 0.8000 P@12 0.7500 P@15 0.7867 P@17 0.7955 P@20 0.7321
Epoch 7/100 | Train Loss 0.3972 AP 0.8076 | Val Loss 0.3884 AP 0.7989 | P@2 0.9545 P@3 0.8621 P@5 0.9333 P@7 0.9048 P@10 0.8000 P@12 0.7817 P@15 0.7813 P@17 0.7395 P@20 0.7518
Epoch 8/100 | Train Loss 0.3955 AP 0.8036 | Val Loss 0.3890 AP 0.8023 | P@2 1.0000 P@3 0.9310 P@5 0.9500 P@7 0.9095 P@10 0.7950 P@12 0.7222 P@15 0.7840 P@17 0.7283 P@20 0.7643
Epoch 9/100 | Train Loss 0.3929 AP 0.8084 | Val Loss 0.3860 AP 0.8093 | P@2 0.9545 P@3 0.9310 P@5 0.9667 P@7 0.9238 P@10 0.8650 P@12 0.7857 P@15 0.7733 P@17 0.7955 P@20 0.7375
Epoch 10/100 | Train Loss 0.3893 AP 0.8014 | Val Loss 0.3803 AP 0.7967 | P@2 0.9545 P@3 0.9540 P@5 0.9167 P@7 0.9143 P@10 0.8200 P@12 0.7500 P@15 0.7760 P@17 0.7619 P@20 0.7464
Epoch 11/100 | Train Loss 0.3894 AP 0.8111 | Val Loss 0.3771 AP 0.8005 | P@2 1.0000 P@3 0.9080 P@5 0.9500 P@7 0.8857 P@10 0.7950 P@12 0.7738 P@15 0.7493 P@17 0.7675 P@20 0.7321
Epoch 12/100 | Train Loss 0.3864 AP 0.8194 | Val Loss 0.3778 AP 0.8292 | P@2 1.0000 P@3 0.9540 P@5 0.9333 P@7 0.9238 P@10 0.8100 P@12 0.7579 P@15 0.8160 P@17 0.7815 P@20 0.7857
Epoch 13/100 | Train Loss 0.3856 AP 0.8281 | Val Loss 0.3750 AP 0.8240 | P@2 1.0000 P@3 0.9540 P@5 0.9333 P@7 0.9286 P@10 0.7900 P@12 0.8095 P@15 0.7973 P@17 0.7871 P@20 0.7679
Epoch 14/100 | Train Loss 0.3856 AP 0.8103 | Val Loss 0.3798 AP 0.8069 | P@2 0.9545 P@3 0.9310 P@5 0.9000 P@7 0.9095 P@10 0.8050 P@12 0.7579 P@15 0.7867 P@17 0.7227 P@20 0.7768
Epoch 15/100 | Train Loss 0.3832 AP 0.8177 | Val Loss 0.3803 AP 0.8256 | P@2 0.9545 P@3 0.9540 P@5 0.9333 P@7 0.9619 P@10 0.8050 P@12 0.8056 P@15 0.7867 P@17 0.7395 P@20 0.7929
Epoch 16/100 | Train Loss 0.3825 AP 0.8234 | Val Loss 0.3771 AP 0.8248 | P@2 1.0000 P@3 0.9770 P@5 0.9167 P@7 0.9238 P@10 0.8100 P@12 0.7540 P@15 0.7867 P@17 0.7927 P@20 0.8107
Epoch 17/100 | Train Loss 0.3814 AP 0.8106 | Val Loss 0.3713 AP 0.8184 | P@2 1.0000 P@3 0.9770 P@5 0.9667 P@7 0.9381 P@10 0.8350 P@12 0.7897 P@15 0.8027 P@17 0.7899 P@20 0.7696
Epoch 18/100 | Train Loss 0.3802 AP 0.8284 | Val Loss 0.3734 AP 0.8238 | P@2 1.0000 P@3 0.9310 P@5 0.9667 P@7 0.9333 P@10 0.8550 P@12 0.8095 P@15 0.7893 P@17 0.7759 P@20 0.7911
Epoch 19/100 | Train Loss 0.3798 AP 0.8277 | Val Loss 0.3758 AP 0.8284 | P@2 1.0000 P@3 1.0000 P@5 0.9667 P@7 0.9048 P@10 0.7950 P@12 0.7857 P@15 0.8160 P@17 0.8151 P@20 0.7946
Epoch 20/100 | Train Loss 0.3796 AP 0.8369 | Val Loss 0.3680 AP 0.8361 | P@2 1.0000 P@3 0.9770 P@5 0.9667 P@7 0.9143 P@10 0.8650 P@12 0.8175 P@15 0.7733 P@17 0.7675 P@20 0.8089
Epoch 21/100 | Train Loss 0.3783 AP 0.8250 | Val Loss 0.3738 AP 0.8212 | P@2 1.0000 P@3 0.9310 P@5 0.9833 P@7 0.8810 P@10 0.7900 P@12 0.8175 P@15 0.7627 P@17 0.7871 P@20 0.7429
Epoch 22/100 | Train Loss 0.3780 AP 0.8095 | Val Loss 0.3685 AP 0.8170 | P@2 1.0000 P@3 0.9770 P@5 0.8917 P@7 0.9095 P@10 0.8300 P@12 0.7817 P@15 0.7787 P@17 0.7563 P@20 0.7607
Epoch 23/100 | Train Loss 0.3770 AP 0.8161 | Val Loss 0.3698 AP 0.8119 | P@2 1.0000 P@3 0.9770 P@5 0.9833 P@7 0.8905 P@10 0.8650 P@12 0.7500 P@15 0.7840 P@17 0.7899 P@20 0.7482
Epoch 24/100 | Train Loss 0.3766 AP 0.8450 | Val Loss 0.3634 AP 0.8391 | P@2 1.0000 P@3 0.9770 P@5 0.9333 P@7 0.9286 P@10 0.8600 P@12 0.7778 P@15 0.7760 P@17 0.7451 P@20 0.8036
Epoch 25/100 | Train Loss 0.3757 AP 0.8189 | Val Loss 0.3682 AP 0.8166 | P@2 0.9545 P@3 0.9540 P@5 0.9167 P@7 0.9333 P@10 0.8450 P@12 0.8294 P@15 0.7867 P@17 0.8067 P@20 0.7643
Epoch 26/100 | Train Loss 0.3752 AP 0.8415 | Val Loss 0.3626 AP 0.8516 | P@2 1.0000 P@3 0.9770 P@5 0.9833 P@7 0.9429 P@10 0.8350 P@12 0.7738 P@15 0.8213 P@17 0.8347 P@20 0.8304
Epoch 27/100 | Train Loss 0.3737 AP 0.8521 | Val Loss 0.3644 AP 0.8514 | P@2 1.0000 P@3 0.9770 P@5 0.9500 P@7 0.9333 P@10 0.8700 P@12 0.8294 P@15 0.8373 P@17 0.8095 P@20 0.8036
Epoch 28/100 | Train Loss 0.3750 AP 0.8321 | Val Loss 0.3674 AP 0.8347 | P@2 1.0000 P@3 1.0000 P@5 0.9500 P@7 0.9095 P@10 0.8250 P@12 0.8175 P@15 0.7733 P@17 0.7871 P@20 0.7714
Epoch 29/100 | Train Loss 0.3739 AP 0.8444 | Val Loss 0.3654 AP 0.8399 | P@2 1.0000 P@3 0.9770 P@5 0.9667 P@7 0.9333 P@10 0.8350 P@12 0.7698 P@15 0.8187 P@17 0.7955 P@20 0.7607
Epoch 30/100 | Train Loss 0.3731 AP 0.8446 | Val Loss 0.3611 AP 0.8486 | P@2 1.0000 P@3 0.9310 P@5 0.9667 P@7 0.9238 P@10 0.8150 P@12 0.8135 P@15 0.8187 P@17 0.8263 P@20 0.8107
Epoch 31/100 | Train Loss 0.3729 AP 0.8211 | Val Loss 0.3643 AP 0.8123 | P@2 1.0000 P@3 0.9540 P@5 0.9500 P@7 0.9190 P@10 0.7850 P@12 0.8016 P@15 0.7440 P@17 0.7899 P@20 0.7393
Epoch 32/100 | Train Loss 0.3725 AP 0.8425 | Val Loss 0.3656 AP 0.8496 | P@2 1.0000 P@3 0.9770 P@5 0.9667 P@7 0.9143 P@10 0.8750 P@12 0.8214 P@15 0.8453 P@17 0.8291 P@20 0.7339
Epoch 33/100 | Train Loss 0.3739 AP 0.8339 | Val Loss 0.3684 AP 0.8248 | P@2 1.0000 P@3 0.9770 P@5 0.9500 P@7 0.9048 P@10 0.8050 P@12 0.7579 P@15 0.7973 P@17 0.7843 P@20 0.7625
Epoch 34/100 | Train Loss 0.3720 AP 0.8300 | Val Loss 0.3654 AP 0.8236 | P@2 1.0000 P@3 0.9770 P@5 0.9500 P@7 0.9190 P@10 0.8350 P@12 0.8016 P@15 0.8240 P@17 0.7339 P@20 0.7375
Epoch 35/100 | Train Loss 0.3708 AP 0.8562 | Val Loss 0.3615 AP 0.8518 | P@2 1.0000 P@3 0.9080 P@5 0.9667 P@7 0.9238 P@10 0.8900 P@12 0.8333 P@15 0.8640 P@17 0.8207 P@20 0.7786
Epoch 36/100 | Train Loss 0.3715 AP 0.8613 | Val Loss 0.3625 AP 0.8596 | P@2 0.9545 P@3 0.9770 P@5 0.9667 P@7 0.9333 P@10 0.8950 P@12 0.8175 P@15 0.8453 P@17 0.7899 P@20 0.7768
Epoch 37/100 | Train Loss 0.3714 AP 0.8512 | Val Loss 0.3604 AP 0.8520 | P@2 0.9545 P@3 0.9770 P@5 0.9667 P@7 0.8952 P@10 0.8300 P@12 0.8413 P@15 0.8027 P@17 0.8291 P@20 0.7857
Epoch 38/100 | Train Loss 0.3705 AP 0.8287 | Val Loss 0.3639 AP 0.8323 | P@2 1.0000 P@3 0.9540 P@5 0.9667 P@7 0.9429 P@10 0.8250 P@12 0.7857 P@15 0.8000 P@17 0.7815 P@20 0.7643
Epoch 39/100 | Train Loss 0.3708 AP 0.8418 | Val Loss 0.3681 AP 0.8335 | P@2 1.0000 P@3 0.9770 P@5 0.9667 P@7 0.9429 P@10 0.8100 P@12 0.8056 P@15 0.7813 P@17 0.8067 P@20 0.7554
Epoch 40/100 | Train Loss 0.3702 AP 0.8341 | Val Loss 0.3617 AP 0.8325 | P@2 1.0000 P@3 0.9770 P@5 0.9333 P@7 0.8810 P@10 0.8150 P@12 0.8135 P@15 0.8107 P@17 0.8095 P@20 0.7643
Epoch 41/100 | Train Loss 0.3698 AP 0.8453 | Val Loss 0.3588 AP 0.8506 | P@2 1.0000 P@3 0.9770 P@5 0.9667 P@7 0.8952 P@10 0.8650 P@12 0.8373 P@15 0.8560 P@17 0.8151 P@20 0.7911
Epoch 42/100 | Train Loss 0.3704 AP 0.8370 | Val Loss 0.3599 AP 0.8451 | P@2 1.0000 P@3 0.9540 P@5 0.9667 P@7 0.9429 P@10 0.8350 P@12 0.8373 P@15 0.8320 P@17 0.8235 P@20 0.7607
Epoch 43/100 | Train Loss 0.3702 AP 0.8453 | Val Loss 0.3602 AP 0.8409 | P@2 1.0000 P@3 0.9310 P@5 0.9167 P@7 0.8952 P@10 0.8450 P@12 0.8135 P@15 0.8693 P@17 0.8515 P@20 0.7875
Epoch 44/100 | Train Loss 0.3697 AP 0.8517 | Val Loss 0.3601 AP 0.8560 | P@2 1.0000 P@3 1.0000 P@5 0.9667 P@7 0.9190 P@10 0.8450 P@12 0.8413 P@15 0.8267 P@17 0.8011 P@20 0.8036
Epoch 45/100 | Train Loss 0.3697 AP 0.8496 | Val Loss 0.3597 AP 0.8461 | P@2 1.0000 P@3 0.9080 P@5 0.9500 P@7 0.9238 P@10 0.8400 P@12 0.8214 P@15 0.7893 P@17 0.8291 P@20 0.8036
Epoch 46/100 | Train Loss 0.3704 AP 0.8618 | Val Loss 0.3687 AP 0.8622 | P@2 1.0000 P@3 1.0000 P@5 0.9833 P@7 0.9238 P@10 0.8750 P@12 0.8333 P@15 0.8347 P@17 0.8207 P@20 0.8018
Epoch 47/100 | Train Loss 0.3687 AP 0.8266 | Val Loss 0.3641 AP 0.8214 | P@2 1.0000 P@3 0.9540 P@5 0.9833 P@7 0.9333 P@10 0.8050 P@12 0.7857 P@15 0.8053 P@17 0.7815 P@20 0.7643
